30 27.3362 21.3799 1 0
29.0944 -16.9636 20.0839 1 1
-11.8857 6.32986 18.5943 1 1
-3.71928 30 20.9421 1 0
-19.7061 19.4921 21.7917 1 1
-7.68067 -20.9439 20.5707 1 1
17.7593 -2.68118 20.3059 1 1
3.19402 -5.16574 12.7165 1 1
-8.19765 12.5504 19.5868 1 1
-2.74872 15.5853 19.9371 1 1
-12.0629 26.6023 21.3336 1 1
26.867 -13.4998 21.5854 1 1
-3.6649 13.705 19.3543 1 1
-14.3983 -13.9577 20.4605 1 1
-25.5806 -21.3537 22.0618 1 1
22.1847 -28.0896 20.7285 1 1
12.1281 -24.0935 20.1332 1 1
5.22191 10.2994 17.8744 1 1
30 30 19.9504 1 0
7.50582 -7.95772 17.4777 1 1
23.5727 -29.6055 22.193 1 1
0.508568 14.9111 19.366 1 1
19.7995 8.62729 20.9527 1 1
-12.275 -7.85954 18.9019 1 1
4.30473 -2.04758 11.164 1 1
-16.3922 5.12519 19.9914 1 1
-29.1166 18.2237 20.9884 1 1
30 30 19.9504 1 0
-23.8363 14.5634 21.5169 1 1
3.64163 -4.27744 13.0118 1 1
18.5548 7.292 20.9773 1 1
-5.31952 29.2518 21.615 1 0
18.2103 -14.1542 20.4501 1 1
-14.228 0.0464344 18.315 1 1
-22.3662 -22.1726 21.5806 1 1
11.1639 -15.1384 19.5334 1 1
-22.1657 29.9575 20.5302 1 1
25.9808 -15.5332 21.4344 1 1
-25.6976 -25.1212 21.3723 1 1
17.1739 -12.6695 20.7524 1 1
18.7132 5.22941 20.4859 1 1
-20.782 4.20063 20.4338 1 1
-6.57588 -9.81285 18.178 1 1
-0.271202 7.66064 15.2368 1 1
17.3331 15.1309 20.8507 1 1
12.7935 1.2735 18.4085 1 1
-5.83014 -29.8414 20.777 1 1
-8.79372 -6.47399 17.7497 1 1
-18.1759 25.1461 20.774 1 1
14.1151 -22.0125 19.8282 1 1
-16.624 19.255 21.4808 1 1
26.3675 7.34914 21.7681 1 1
0.271038 21.7948 20.7256 1 1
-7.82662 27.9857 20.316 1 1
4.50436 -26.1722 21.4835 1 1
28.1383 9.24911 21.0302 1 1
-16.4929 -18.4825 21.7471 1 1
-4.52331 28.4897 22.0097 1 0
18.323 -18.8156 21.2517 1 1
20.3511 14.7673 21.3624 1 0
19.9025 -14.6505 20.9877 1 1
24.6613 30 21.3701 1 0
-29.3201 29.215 21.7599 1 1
1.63791 29.8183 21.5345 1 1
9.74822 -7.49924 18.6024 1 1
12.8765 16.1032 19.5066 1 1
-13.5879 24.9203 21.344 1 0
-19.286 17.9044 20.884 1 1
4.86195 -4.58549 14.0466 1 0
-30 -25.8539 20.4105 1 0
-0.836966 30 20.2935 1 0
30 30 19.9504 1 0
19.5921 8.14273 20.8241 1 0
2.04366 30 19.7658 1 0
27.7302 4.87978 20.9929 1 0
10.5723 9.90013 19.1829 1 0
2.53544 11.5032 18.5652 1 0
7.30865 1.69477 15.0917 1 0
-25.1183 20.7706 20.9776 1 1
9.02569 30 19.7794 1 0
4.22247 30 20.6458 1 0
27.4216 30 21.5932 1 0
30 30 19.9504 1 0
5.81504 6.871 15.3968 1 0
11.0938 30 20.0027 1 0
-0.768658 -18.5836 20.5894 1 0
15.0611 2.05189 17.8348 1 0
8.30594 15.2655 20.2038 1 0
-2.0207 17.3002 19.6094 1 0
30 30 19.9504 1 0
30 4.8265 20.3686 1 0
-19.78 30 20.7833 1 0
-24.9187 30 20.0877 1 0
8.38151 30 21.3326 1 0
-3.76835 30 20.694 1 0
30 30 19.9504 1 0
-8.41514 30 21.4024 1 0
30 27.8003 20.7311 1 0
30 4.00666 19.7244 1 0
5.95638 -0.494473 13.1475 1 0
12.2735 22.2699 21.2969 1 0
15.0189 11.0396 18.618 1 0
-27.5864 30 21.5809 1 0
-1.01762 29.6612 21.156 1 0
3.43661 4.91942 13.1818 1 0
-9.39533 0.556957 17.0127 1 0
11.1605 10.2999 19.2645 1 0
-18.1936 30 20.617 1 0
30 4.30673 21.0584 1 0
30 26.2983 21.2274 1 0
-3.92001 30 19.8858 1 0
30 -19.303 21.1893 1 0
15.0821 30 19.9978 1 0
30 -30 19.9504 1 0
16.7448 -8.78298 20.2484 1 0
30 -2.67999 21.1032 1 0
30 0.0365677 19.7481 1 0
27.4166 1.3948 21.8691 1 0
30 30 19.9504 1 0
30 30 19.9504 1 0
-5.61136 14.554 20.0896 2 0
9.83615 9.53488 19.0423 2 0
-16.1794 -17.0123 19.9548 2 1
7.04479 28.4325 21.3758 2 1
-4.11124 -4.67067 13.2678 2 1
30 30 19.9504 2 0
-20.582 -27.3289 22.0496 2 1
16.1628 30 20.4178 2 0
-0.160653 30 20.2794 2 0
-1.25847 1.28507 6.33718 2 0
12.7008 30 21.1025 2 0
-20.2991 17.179 21.1871 2 1
-8.97373 -29.5208 21.4662 2 1
-20.1939 8.69978 20.8084 2 1
-26.0672 -0.756861 20.6055 2 1
29.0679 4.10285 20.0535 2 0
15.0351 30 19.859 2 0
-29.1046 -17.4781 21.6485 2 1
11.0588 7.05143 17.0278 2 0
-29.3199 -28.221 21.7698 2 1
22.9386 1.81579 20.0033 2 0
7.87791 -15.8605 19.1101 2 1
18.5769 7.5231 21.1516 2 0
-26.2442 -25.7783 21.4956 2 1
9.77424 30 20.7089 2 0
-9.97098 -14.737 19.5335 2 1
26.4321 -10.8159 21.5904 2 1
11.1693 13.6084 20.1952 2 0
-12.0864 -28.2488 20.9189 2 1
-16.7175 2.30332 20.1127 2 1
3.34985 2.77495 11.1012 2 1
-5.9322 13.2085 18.3438 2 0
-2.91797 30 19.8892 2 0
-18.9463 -12.7124 20.4984 2 1
-28.7646 -29.7205 21.7059 2 1
-27.1172 -23.5805 21.6588 2 1
-25.5199 -19.4992 22.1359 2 1
-29.9951 -26.0876 20.1219 2 1
30 30 19.9504 2 0
9.95982 30 19.8139 2 0
-5.20333 -8.62879 17.0898 2 1
-29.4963 -13.8065 21.7967 2 1
-11.5762 -5.2829 18.8318 2 1
-6.94375 20.29 20.3432 2 0
-19.0883 -29.8919 20.3289 2 1
-11.8657 -7.22656 18.4142 2 1
14.7596 30 20.8424 2 0
14.0246 12.0717 18.6871 2 1
17.6891 8.51119 20.9688 2 0
-7.89244 -16.6439 20.156 2 1
15.4317 24.4175 21.9708 2 0
13.6244 0.398787 19.3393 2 1
2.81073 22.6017 21.1135 2 1
-24.8447 -27.2058 21.0913 2 1
28.3841 30 21.5249 2 0
30 -14.5744 21.4843 2 0
-10.3372 -19.2989 21.1513 2 1
-29.9951 1.66762 21.1455 2 1
0.103559 7.44258 14.8056 2 0
-21.6912 -14.7218 21.463 2 1
-6.65452 -28.1769 21.4438 2 1
-16.5042 -29.9999 21.5603 2 1
-23.6648 -26.2508 21.8102 2 1
-1.20722 -28.8236 20.9525 2 1
-7.61787 -6.3983 17.3575 2 1
-28.6474 15.6657 21.9456 2 1
-28.1821 -22.9282 20.6721 2 1
30 27.2897 21.1964 2 0
30 30 19.9504 2 0
-29.9828 -15.1774 20.4965 2 1
30 4.09156 19.9339 2 0
10.0616 9.80868 18.074 2 0
15 -13.9146 19.077 2 1
-3.59266 -15.6908 20.1161 2 1
30 25.8434 20.4699 2 0
-19.955 -25.8818 20.1852 2 1
16.3498 -26.3993 21.9724 2 1
21.384 29.0499 21.4884 2 0
-3.86528 -25.038 19.8984 2 1
2.7546 29.8301 21.1378 2 1
-7.97565 12.155 17.9879 2 1
-29.8211 29.2755 21.5178 2 1
11.8047 8.30496 19.1217 2 0
18.2758 30 21.0584 2 0
30 30 19.9504 2 0
26.5183 -7.8597 21.4817 2 1
-13.8152 20.4383 21.3394 2 0
15.3985 1.52205 20.0683 2 0
14.0649 30 19.9247 2 0
11.5965 30 21.4134 2 0
12.062 -1.23869 17.4727 2 1
30 -2.75336 20.7698 2 0
0.155492 30 20.25 2 0
5.87771 10.2003 17.2635 2 0
-7.04801 -26.4551 21.3047 2 1
-8.94498 30 19.8403 2 0
26.3468 13.386 21.8967 2 0
18.1224 -17.8503 20.2471 2 1
30 30 19.9504 2 0
19.1119 14.1966 20.3022 2 0
30 30 19.9504 2 0
15.5695 12.7116 20.9885 2 0
13.0158 25.5328 21.3628 2 0
30 30 19.9504 2 0
30 11.2346 20.7726 2 0
13.0599 6.15465 18.0118 2 0
-6.33771 30 21.1876 2 0
27.8558 12.473 21.6196 2 0
-29.1159 -28.7802 21.061 2 1
30 30 19.9504 2 0
2.43447 13.738 19.3288 2 0
-25.9163 22.2133 20.8308 2 1
-27.734 29.3671 21.9724 2 1
28.77 30 20.9072 2 0
27.3114 26.9011 21.3856 2 1
30 14.023 19.8292 2 0
22.7844 -24.2969 21.5757 2 1
30 -3.74902 20.7966 2 0
24.4604 30 21.6189 2 0
30 4.73182 20.8882 2 0
11.797 0.383274 18.1527 3 0
14.6527 5.82491 19.6261 3 0
23.7225 -29.0044 21.1058 3 1
10.3892 -4.13377 17.653 3 0
23.378 28.5889 22.1539 3 0
-3.30391 7.48345 15.9139 3 0
23.9819 -23.1729 20.4649 3 1
9.33725 14.7457 20.2634 3 0
-19.5805 16.8585 21.3157 3 1
13.5522 21.75 21.562 3 0
-29.6331 -1.19608 21.572 3 1
10.4166 3.64874 18.0374 3 0
29.5323 -29.9987 21.656 3 1
23.7095 -25.7782 21.6143 3 1
-8.1709 28.4827 21.6434 3 1
-24.0626 -15.23 20.6722 3 1
3.81675 -0.111282 9.26603 3 0
22.9141 -2.36948 20.857 3 0
10.0781 8.63355 18.5437 3 0
-30 30 19.9504 3 0
19.4535 -5.75284 20.958 3 0
29.3875 -6.85563 21.5076 3 1
12.0249 13.5591 20.1484 3 1
-8.33351 -16.4905 20.7794 3 1
-29.8449 29.9937 20.4854 3 1
12.3331 5.61426 19.2407 3 0
2.77923 26.8242 20.9054 3 1
-7.27242 12.4671 19.5493 3 1
6.6431 20.2847 21.0833 3 0
22.9952 -8.72905 20.5575 3 1
30 5.32476 21.1345 3 0
3.32594 21.4212 21.2739 3 1
14.116 9.31207 19.688 3 0
8.07733 -16.3717 20.1048 3 0
0.246241 11.7836 17.8176 3 0
-19.4837 -27.5156 22.1786 3 1
19.588 -2.92453 20.4836 3 1
-28.3863 3.70763 21.7684 3 1
-21.4608 29.8491 21.7837 3 1
27.8339 15.1934 20.9621 3 1
26.1023 25.9509 20.2057 3 1
-8.23162 4.93291 15.8987 3 0
30 -6.04907 19.7995 3 0
-9.52841 -10.5667 19.6572 3 0
9.47515 20.6362 21.4726 3 0
26.3534 -29.0316 21.4336 3 1
19.7142 29.9846 21.122 3 1
21.4923 29.4398 22.2215 3 1
-0.520962 2.26865 7.75354 3 1
-29.9559 -4.98225 19.7867 3 1
-30 29.7701 20.9119 3 1
-14.8666 8.25653 19.544 3 0
-9.8825 -8.22989 17.9321 3 1
21.613 -30 21.4827 3 0
-0.594353 16.9491 19.8393 3 0
2.69202 25.5467 21.6709 3 1
-28.2985 14.2015 21.491 3 0
16.6227 -22.6422 21.831 3 0
-14.9342 15.2138 19.9681 3 1
-30 -28.5391 21.6459 3 0
12.0929 -1.64533 18.0402 3 1
-29.8138 -28.3966 21.8427 3 1
-18.3229 26.5807 21.9925 3 0
15.635 -18.7687 21.3244 3 0
0.720537 13.8905 18.5789 3 0
-22.2586 28.7042 21.7563 3 1
6.14629 11.5164 18.7377 3 0
6.37582 -7.87847 16.9422 3 1
25.5071 29.9862 21.6432 3 1
-25.5676 29.7227 22.0579 3 1
-18.5473 -29.9101 21.6347 3 1
-1.946 -6.62945 14.0538 3 0
-9.74599 15.1807 19.9393 3 0
3.61386 -19.9591 20.4706 3 1
29.7145 29.1539 21.4736 3 1
18.6539 -14.8945 20.9181 3 1
30 21.7795 20.8049 3 0
24.5489 0.590126 21.6905 3 1
11.3437 -9.56043 19.7882 3 0
8.0832 9.99421 16.9288 3 0
-29.6247 -2.57253 21.9721 3 1
30 28.811 20.6751 3 0
-30 1.76906 20.6828 3 0
20.8888 18.0308 19.919 3 1
11.3392 5.35248 18.7549 3 1
11.9221 18.0333 19.2425 3 0
5.54751 20.9228 20.8165 3 0
-28.4031 23.6874 22.0634 3 1
10.5333 5.29846 18.416 3 0
-19.8966 -11.8651 19.8896 3 0
15.6685 -3.21193 19.7542 3 0
20.1898 0.0371075 19.6108 3 0
12.124 20.0786 19.7763 3 0
21.6721 -28.4835 22.1108 3 1
26.6122 29.0066 21.5158 3 1
10.5719 29.9031 21.5318 3 1
-27.9148 28.2722 21.2116 3 1
14.9839 23.031 19.6218 3 1
-15.2331 -7.97297 19.234 3 0
-30 30 19.9504 3 0
-22.3527 -19.6092 21.9172 3 1
21.9029 30 20.1297 3 0
-18.7581 -0.252103 20.2904 3 0
11.5619 11.0496 19.6215 3 0
-24.1837 15.218 21.0136 3 0
-17.527 -30 21.5642 3 0
-3.59858 5.83692 14.2717 3 0
-1.60461 1.20056 6.86981 3 1
0.38553 -17.9254 20.0616 3 1
9.1546 -20.6312 20.9523 3 0
5.51067 -30 21.4495 3 0
-11.608 24.4632 21.8674 3 1
8.60738 5.81906 17.2817 3 1
-15.7842 9.14203 19.6795 3 1
4.20043 8.87788 16.0611 3 0
10.0911 4.92934 16.2414 3 0
28.4121 -15.4422 22.1024 3 1
-30 16.6124 21.4346 3 0
-29.9559 -0.645222 21.2381 3 1
28.1721 20.0024 20.4818 3 1
-9.12592 -8.19235 17.4912 4 0
29.3154 29.6163 22.0988 4 1
9.15044 1.65545 16.3362 4 0
1.24356 -15.7685 19.5011 4 1
16.9591 -0.613791 19.792 4 0
10.3801 -8.13811 18.6621 4 0
-26.274 -16.3657 21.8018 4 1
-28.6856 -21.8558 21.4783 4 1
-28.532 -2.0547 21.3872 4 1
14.4262 27.1056 21.5101 4 0
27.9579 -8.4743 21.4079 4 1
-30 -30 19.9504 4 0
19.9772 -6.80055 19.7894 4 0
15.5094 -4.58388 20.2931 4 0
26.7327 -7.62818 21.6562 4 0
-28.1611 11.4012 21.5781 4 1
8.56318 -5.94247 17.1318 4 0
22.8053 29.9794 20.6744 4 1
14.6956 0.63228 19.6164 4 0
29.9276 28.6354 21.5343 4 1
-2.36431 -9.01167 16.1777 4 1
-17.7052 25.6645 21.8014 4 1
3.84938 10.8106 17.1587 4 0
25.5404 17.3962 22.0511 4 1
9.75091 -1.74497 16.8036 4 0
-26.2329 15.3574 21.6745 4 1
-2.16062 5.75826 12.998 4 0
-25.3606 -27.7583 21.8751 4 1
1.34058 23.5809 21.5162 4 0
28.083 -17.8339 20.5534 4 1
14.6734 -9.85749 19.9919 4 0
-25.0687 -15.9127 20.0053 4 1
-13.5269 20.3228 21.5951 4 0
5.88988 9.87435 16.6941 4 0
7.81499 -16.7413 20.0649 4 1
24.3078 29.6191 22.0491 4 1
2.11782 6.15504 12.8365 4 1
9.30003 13.1722 19.5898 4 0
-29.2698 -28.7296 21.7761 4 1
13.5171 8.67051 20.1755 4 1
8.3313 10.1211 18.461 4 0
20.6922 18.1213 21.1073 4 1
12.9097 -20.6054 21.0484 4 1
29.2975 23.5631 22.0758 4 1
27.5508 29.899 21.7241 4 1
-8.60606 20.603 21.4148 4 0
16.7253 -4.28981 20.1605 4 1
17.3475 6.62128 20.7483 4 0
-28.8848 29.7543 21.1875 4 1
-23.0959 29.9072 20.3313 4 1
-3.42391 15.3113 20.012 4 0
27.0864 -29.9767 20.1361 4 1
-29.9669 27.6153 21.5339 4 1
-28.6972 27.7409 21.8218 4 1
-9.98399 -2.9637 15.4563 4 0
9.72887 12.13 19.1821 4 0
-12.2872 15.7239 20.7079 4 1
-14.7362 -15.849 20.4993 4 1
9.30453 3.22895 16.8479 4 0
1.02042 -12.6244 18.2317 4 0
30 -30 19.9504 4 0
-29.3881 11.4288 22.0518 4 1
-0.552313 -23.4704 21.6142 4 1
19.6494 14.5895 21.6029 4 1
6.78246 13.2976 19.3412 4 1
30 26.3909 21.5283 4 1
7.50555 26.3903 21.8928 4 1
24.1806 28.2482 21.3723 4 1
18.3809 7.12856 20.508 4 0
-16.5265 30 21.5538 4 0
30 30 19.9504 4 0
-11.1355 20.6451 20.9697 4 0
7.61396 30 21.3364 4 0
16.3254 4.25977 20.1066 4 0
-26.6709 28.5716 22.1365 4 1
30 30 19.9504 4 0
29.2967 29.889 21.395 4 1
-18.0756 29.7802 20.8591 4 1
-2.63748 -3.2514 10.9352 4 0
1.08125 -2.23426 7.01385 4 0
1.72243 8.98716 15.7253 4 0
27.0675 7.6288 21.2264 4 1
-29.9579 21.4487 21.6007 4 1
-26.9153 -14.5766 21.4669 4 1
-30 30 19.9504 4 0
-10.2455 15.3871 20.5598 4 1
0.611214 22.6035 21.4432 4 1
3.89716 28.4619 21.4572 4 1
-18.0463 9.78252 19.8342 4 1
-19.3998 29.9983 21.4899 4 0
26.5679 -29.2101 21.925 4 1
-29.9447 -25.3784 21.5252 4 1
-14.1443 -15.2062 20.099 4 1
-14.9354 -28.0835 20.0553 4 1
-1.67719 18.2294 20.361 4 0
0.124376 22.4636 21.0077 4 0
7.70705 -26.3431 21.6419 4 1
30 -25.2602 21.0434 4 0
-4.02024 22.0415 19.2151 4 0
13.3897 7.17855 19.5396 4 0
30 -0.230789 20.6799 4 0
8.6228 13.8336 19.8259 4 0
-2.66043 29.2803 21.7087 4 1
15.1071 25.7669 20.8667 4 0
-0.444413 -8.72388 16.3275 4 0
-6.81484 6.9445 15.7162 4 0
4.99471 -29.2621 20.8308 4 1
-10.6796 28.8601 21.35 4 0
-29.8852 8.6803 21.2953 4 1
15.0667 19.8509 20.0057 4 0
30 -18.726 21.0542 4 0
12.7063 29.0039 21.0519 4 0
29.9604 -25.0939 20.1788 4 1
24.0769 26.2513 21.038 4 0
14.3987 3.92553 19.2498 4 0
11.8698 21.31 20.9123 4 1
22.9544 2.7535 20.3244 4 0
30 23.4236 21.5682 4 0
2.03314 27.7477 20.7079 4 0
12.9536 -0.547132 18.5207 4 0
3.03051 15.7276 19.1187 5 0
23.8195 18.0148 20.3929 5 1
-4.63993 10.489 18.3269 5 0
-8.42568 -29.711 21.8979 5 1
-2.55409 24.2136 21.3801 5 1
28.4414 10.971 21.4244 5 1
14.3973 20.8886 21.1819 5 1
-15.9143 27.8222 20.5911 5 1
-16.2952 -10.529 20.9001 5 1
2.74644 24.6639 21.3556 5 1
-11.5293 -29.9692 21.5059 5 1
6.40887 9.67668 18.3182 5 0
-1.30482 -5.23878 12.5228 5 0
5.63521 27.8776 21.3304 5 1
2.95814 16.7336 19.3702 5 0
-7.74117 14.0689 19.1227 5 0
12.2156 24.5287 21.6226 5 0
24.6083 13.1715 21.473 5 1
-27.8561 1.46149 21.4927 5 1
29.1828 -10.1768 20.9332 5 1
-29.1768 -12.6772 21.4949 5 1
16.4343 5.01585 19.9173 5 0
-6.05395 24.0556 19.5557 5 1
5.05661 3.54488 13.3786 5 0
-19.0212 -13.9549 19.354 5 1
6.17515 -10.9711 17.296 5 1
-12.8863 13.6763 20.1486 5 1
14.0754 12.7331 19.8729 5 0
28.2086 1.70646 21.3572 5 1
30 -23.6313 21.4537 5 1
-27.6962 29.4864 22.138 5 1
-0.712693 5.49134 13.0382 5 0
22.8873 28.8883 20.4673 5 0
7.29951 7.19329 17.0021 5 0
-6.73122 1.24161 14.1534 5 1
8.77545 21.0977 20.2988 5 0
14.0291 -29.4293 21.4783 5 1
29.0442 -5.41388 21.3581 5 1
30 30 19.9504 5 0
10.3383 3.95293 17.298 5 0
30 12.2721 20.9755 5 0
14.0132 27.2667 20.8946 5 1
7.09617 8.20606 16.6765 5 0
24.3628 -7.61183 21.684 5 1
28.4842 27.7079 22.1123 5 1
3.05099 -27.0663 19.7543 5 1
5.50896 -19.7235 21.0548 5 1
21.6628 1.59327 21.2835 5 0
27.2624 22.4483 21.9839 5 1
-1.82295 10.8787 16.7241 5 0
11.9886 25.5561 21.3191 5 0
-13.4623 -3.3079 19.3877 5 1
14.1481 24.5116 21.5341 5 0
-0.0055809 -10.0815 15.3629 5 1
-12.7085 -4.88732 18.5172 5 0
0.442947 -27.3925 21.8791 5 1
6.45781 2.90211 14.4414 5 0
-28.9534 -22.3637 21.4419 5 1
-21.2414 30 20.9141 5 0
-27.1748 29.8407 21.0073 5 1
15.0291 27.2459 20.8165 5 0
22.9932 18.022 19.693 5 0
-18.4893 -3.03148 20.3134 5 1
-4.53659 26.6158 21.8559 5 0
22.266 -13.3052 21.4053 5 1
21.6681 0.650164 21.2028 5 1
-25.7445 11.2147 21.2442 5 1
16.0258 23.5667 21.3255 5 0
-2.22473 22.8154 20.6148 5 0
-18.5874 30 21.5059 5 0
-28.6285 28.3882 22.1682 5 1
-14.9195 12.9392 19.0306 5 0
21.6161 29.8354 21.7195 5 1
-18.3555 28.7881 21.7306 5 1
10.3788 25.7679 21.5884 5 1
19.7027 -17.0558 20.8351 5 1
29.0145 29.1288 20.3353 5 1
-29.5581 13.0161 21.4797 5 1
18.1882 -1.11583 19.4431 5 1
-15.3215 6.72493 20.0976 5 1
-2.27409 8.90305 15.8675 5 0
28.8993 23.9363 20.2472 5 1
10.4672 23.8391 21.4154 5 0
-12.4837 16.9951 20.7023 5 1
19.9188 5.2886 20.2618 5 0
28.6024 -23.6351 22.1313 5 1
5.78687 10.1356 17.3206 5 0
30 -18.2413 20.8843 5 0
-29.9983 20.9528 19.9457 5 1
-29.9903 -4.37429 21.2847 5 1
-4.58451 30 21.3734 5 0
19.071 26.8252 20.5566 5 0
6.04638 2.4876 13.8041 5 0
11.7407 24.3361 21.5296 5 0
4.26069 0.324007 11.0163 5 0
6.25032 9.91268 17.3746 5 0
1.16994 26.1396 20.472 5 0
-13.4147 27.5089 22.0596 5 1
7.32156 13.3733 19.8357 5 0
0.521378 9.46774 17.1131 5 0
24.7885 9.69659 21.2983 5 0
4.18142 10.6094 17.8941 5 0
21.743 18.0619 20.7973 5 0
-18.181 -29.4195 21.7713 5 1
30 25.2197 20.8279 5 0
10.985 27.2564 20.7924 5 0
-2.75201 -11.1831 17.5606 5 1
-2.75781 29.2752 21.4586 5 1
-5.37025 6.8517 15.9228 5 0
17.6902 13.3642 21.2495 5 0
2.25713 18.4947 20.6906 5 0
-22.4253 -12.2561 21.5515 5 1
7.44201 30 21.4322 5 0
25.2503 28.8902 21.161 5 0
26.8396 -21.6928 21.4712 5 1
-4.02241 -2.41833 11.3587 5 0
7.55167 -3.46586 16.1604 5 0
2.56374 29.8786 21.5247 5 1
26.0599 3.85188 20.0901 5 0
1.86741 13.4246 18.8796 5 0
-26.1556 27.4613 21.8106 6 1
-1.48044 14.5097 19.8063 6 0
21.4363 28.8989 21.6512 6 1
29.9396 2.19452 20.5443 6 1
11.1833 22.0272 20.1043 6 0
-21.3444 22.4922 22.0102 6 1
-10.8968 18.7591 20.2555 6 1
-26.1613 -23.9253 20.5505 6 1
18.2544 17.4113 21.5086 6 0
-6.42964 12.2291 19.2046 6 0
29.7136 2.73001 21.5856 6 1
29.3196 -19.9947 21.2522 6 1
0.772184 -16.1106 19.1009 6 0
-9.63253 18.7592 20.9694 6 1
30 19.4334 21.5467 6 0
-3.96 7.52488 15.7193 6 0
-25.5748 -26.4372 22.2045 6 1
8.48932 8.04929 17.9167 6 0
28.076 -23.3418 21.417 6 1
-21.4357 13.2914 21.5982 6 1
28.6272 16.4615 22.0966 6 1
0.988327 17.8126 19.1198 6 0
21.3008 -2.03512 20.3558 6 0
1.56554 -13.908 18.9936 6 1
19.9638 -24.6352 21.3227 6 1
-16.4651 -9.31183 20.8324 6 0
9.57332 -1.45595 17.2383 6 0
-3.44471 24.2623 21.4919 6 1
18.7452 -9.63929 20.9885 6 0
21.6458 11.3653 21.5586 6 1
-3.86788 24.4967 21.2687 6 0
-29.8823 -24.3903 21.649 6 1
7.69246 9.22241 18.1453 6 0
15.4165 27.0279 21.4115 6 1
-9.65038 -5.15996 17.4878 6 0
-14.7484 7.92507 19.2911 6 0
5.91598 7.16094 15.3329 6 0
4.99142 14.5346 19.4312 6 1
11.7249 8.12434 18.7395 6 0
-12.6972 -19.3185 21.2679 6 1
7.8895 8.84283 17.0416 6 0
29.9168 -6.37939 21.3814 6 1
-24.5678 -26.8013 21.8582 6 1
0.50215 9.00576 16.1332 6 0
17.9059 -3.83871 19.2446 6 0
3.22679 3.1645 10.7746 6 0
7.13715 2.23099 14.302 6 0
-14.7278 -28.2678 21.6157 6 1
4.10662 20.168 19.7362 6 1
-26.0827 24.4415 21.6228 6 1
30 -30 19.9504 6 0
8.15531 -3.77889 15.6595 6 0
-24.8142 -0.947966 20.1673 6 1
-7.93961 -20.0362 19.1793 6 1
-2.20691 -1.97253 7.68827 6 0
-25.4426 -10.5788 21.9087 6 1
8.51804 16.0073 20.1762 6 0
-7.43478 -11.8192 19.1619 6 1
-17.2835 7.44508 20.7585 6 0
-1.7848 -22.1418 20.3277 6 1
-19.5834 -28.7265 21.9691 6 1
-25.5573 19.8078 21.7638 6 1
9.1469 -17.2044 19.8893 6 0
-8.75968 4.87641 16.4008 6 0
-30 13.9999 19.8148 6 1
3.19375 9.98947 16.2219 6 0
-5.23605 9.7349 17.5327 6 0
-10.333 -22.9288 20.9241 6 1
4.82397 10.5569 18.0611 6 0
21.3764 22.7162 21.8455 6 0
5.3299 -30 21.1532 6 0
1.247 -3.90842 9.98682 6 0
-19.5708 -4.21658 20.8328 6 0
28.1869 -23.6458 21.7138 6 1
-6.87924 17.4872 20.4426 6 0
20.7114 -4.20021 20.6768 6 1
29.2405 -25.4095 21.9588 6 1
-6.34159 -29.0793 21.2392 6 1
-0.560745 -9.8613 16.9033 6 1
-13.3914 11.8984 20.117 6 1
-25.5389 7.40041 21.8423 6 1
30 -20.0083 19.8799 6 1
-29.8697 19.9609 20.3086 6 1
12.05 26.5167 21.4146 6 1
25.3132 26.7207 21.8564 6 1
29.6525 -19.161 21.6045 6 1
-10.1362 -21.3074 20.8438 6 1
9.42198 12.1785 19.6527 6 0
9.87597 11.0195 17.9069 6 0
4.54008 -13.0231 18.8635 6 0
-26.1328 25.7319 21.2846 6 1
21.3983 2.95909 20.6902 6 0
-11.976 9.24784 18.7143 6 0
29.2644 11.6434 21.7851 6 1
4.83821 25.9761 20.1087 6 1
-8.68648 -4.46524 17.1876 6 0
7.58224 18.6279 21.0971 6 0
-9.02844 27.809 20.438 6 1
13.9894 -13.17 19.3015 6 0
15.6495 -29.8939 21.4463 6 1
-3.89195 -29.7467 20.9705 6 1
6.01386 10.8148 17.2369 6 0
-19.0503 8.34466 20.4468 6 0
16.7357 29.1495 21.2617 6 1
21.608 -29.2557 21.936 6 1
-10.3841 24.4774 21.833 6 1
-1.81475 -2.94055 8.50819 6 0
2.90562 17.7498 19.6336 6 0
10.9093 7.53878 18.7145 6 0
26.6421 28.6473 22.0981 6 1
0.859058 3.62898 9.9433 6 1
-15.4404 4.89237 19.7668 6 0
-5.87523 -3.84651 13.4153 6 0
14.6694 7.92825 19.596 6 0
-16.8486 -30 20.3601 6 0
-28.0476 -4.1037 19.9555 6 1
15.0771 -5.58656 19.6453 6 0
-18.4569 30 21.5626 6 0
1.36329 -30 21.2428 6 0
2.58451 -1.70327 9.24619 6 0
2.47154 12.5904 19.0589 7 0
10.1811 16.5258 20.6804 7 0
27.1277 -29.132 20.6625 7 1
14.8385 5.36346 19.6318 7 0
2.31031 -27.7008 21.612 7 1
17.0078 -17.8649 19.8141 7 1
27.1622 5.33834 21.3207 7 1
-20.2722 10.2727 21.0456 7 1
22.6071 29.996 21.5048 7 1
-15.8087 23.944 20.4577 7 1
15.4113 29.996 21.4701 7 1
9.58128 -0.283987 16.9809 7 0
-19.5907 2.13913 20.5814 7 1
19.5868 -9.76582 21.1277 7 1
0.524843 -10.3297 17.6063 7 1
-27.6238 11.6505 21.9074 7 1
27.0866 -14.7111 21.1036 7 1
9.85005 15.969 19.1186 7 0
21.5912 17.4056 21.8883 7 1
8.20416 3.15005 15.4008 7 0
-2.22079 11.4619 18.2075 7 0
-0.932926 3.1935 8.34684 7 0
-3.40237 -23.6352 21.5577 7 0
15.2909 6.58284 20.2484 7 1
-10.7214 -6.92088 18.0087 7 1
-2.91803 -8.48735 16.1588 7 1
-27.1817 -25.9483 20.642 7 1
-28.9421 13.7494 20.9101 7 1
-29.9991 7.62563 21.3078 7 1
-19.7647 -30 20.8675 7 0
12.6669 3.96714 18.3864 7 0
8.21474 14.3283 19.902 7 0
23.6978 -18.4053 21.8685 7 1
-1.3192 16.1967 19.7547 7 0
-24.5969 27.0333 21.5224 7 1
-24.3992 -1.26484 21.4488 7 1
-24.4138 10.6226 21.8 7 1
22.774 28.6186 21.8584 7 1
-0.228851 21.2857 20.777 7 1
-23.0317 2.15505 19.7972 7 1
0.113606 -5.06562 10.6426 7 0
3.91424 21.4586 20.856 7 1
21.6362 -9.17711 21.0992 7 1
2.47104 -29.4872 22.0422 7 1
29.5031 9.06459 21.5037 7 1
12.6042 29.783 21.7663 7 1
27.811 13.347 21.558 7 1
5.16113 6.25661 15.0901 7 0
-23.8336 27.8212 21.0102 7 1
2.84255 21.5377 20.9825 7 0
18.8674 -5.77107 19.9951 7 1
1.18851 17.1293 19.2517 7 0
30 -27.6516 21.4218 7 1
-20.3772 -29.6074 22.1213 7 1
24.3865 24.9696 21.4552 7 1
15.4766 -3.23552 19.9425 7 0
12.3694 2.08454 18.2306 7 0
3.53458 3.31046 12.1253 7 0
28.6234 -27.549 22.2112 7 1
-7.37089 -28.9513 21.2841 7 1
18.5692 -11.5988 21.3908 7 1
12.1423 -13.636 20.2212 7 1
26.6686 -11.1972 21.4623 7 1
17.828 -30 20.4883 7 1
19.3241 -24.9468 21.2064 7 1
19.5616 -2.34872 21.0147 7 0
6.17153 2.16429 13.1495 7 0
16.1935 9.59854 20.5306 7 0
1.02437 6.05887 11.7184 7 0
-5.97402 -22.5155 20.9807 7 1
-13.0619 21.9251 19.6969 7 1
6.16837 3.43017 14.5343 7 0
30 30 19.9504 7 0
30 2.60677 21.321 7 0
2.2957 19.1487 20.2423 7 0
30 -11.0965 20.0147 7 0
-1.93684 0.272031 6.07095 7 0
-5.40958 -4.89254 14.6196 7 0
26.011 29.9248 20.0745 7 1
1.089 3.78452 9.55757 7 0
25.2604 -2.99344 20.5754 7 1
17.9436 -12.2814 20.3456 7 1
25.2731 -27.0173 21.082 7 1
22.6205 28.3248 22.0451 7 1
-2.90886 24.9531 19.6891 7 0
3.89512 -4.41025 13.0428 7 0
-20.0941 -30 20.0999 7 0
24.7213 24.5851 21.9792 7 1
18.2477 -0.248297 20.1916 7 1
29.9044 5.01476 19.9585 7 1
0.597367 -5.11539 12.0986 7 0
14.4975 -29.7178 21.9834 7 1
9.92641 0.64725 16.6617 7 0
10.3201 30 21.1611 7 0
19.9839 -20.5422 21.3559 7 1
-29.3897 -15.4062 22.0859 7 1
24.7526 16.1985 21.2313 7 0
-12.2284 30 20.7494 7 0
3.98375 1.81738 9.93181 7 0
-4.10553 0.820702 9.81646 7 0
17.3 7.93151 20.0127 7 0
1.6749 -6.50812 14.5028 7 0
0.55456 9.37151 16.9744 7 0
22.4588 -29.5471 22.2309 7 1
-0.401173 16.8678 19.9457 7 0
26.9869 -24.0963 20.1151 7 1
-4.51768 -8.36976 17.0756 7 0
5.1927 4.35768 14.1783 7 0
-5.67847 30 21.125 7 0
30 -6.10714 20.0175 7 0
3.99105 16.6984 19.5491 7 0
-8.36557 30 21.2909 7 0
13.9143 16.4275 20.7854 7 0
0.467359 6.81205 14.3623 7 0
0.474649 24.7592 21.4873 7 0
7.54215 10.9888 18.665 7 0
6.06912 7.08285 14.9421 7 0
9.55753 4.70946 17.7337 7 0
13.2022 2.05645 17.8424 7 0
18.7284 4.89605 20.0334 7 0
-2.04104 -2.23274 7.96767 8 0
19.8901 2.09364 19.3075 8 0
-28.0118 4.17496 20.2876 8 1
-11.582 29.7472 21.8578 8 1
4.90251 -27.063 19.9212 8 1
-27.7735 -10.5199 21.7629 8 1
19.98 0.665703 20.259 8 1
24.4738 -29.9982 21.6278 8 1
2.21583 -1.38463 8.13181 8 0
24.918 25.2421 21.002 8 1
24.3906 30 21.5136 8 0
7.38672 -29.0962 21.3983 8 1
-29.9387 -29.9638 20.0812 8 1
30 -29.9699 19.9744 8 1
29.6901 7.10983 21.228 8 1
23.7054 2.68138 21.3264 8 1
-15.9365 -23.5668 21.3562 8 1
7.79484 5.71262 16.5964 8 0
-26.8516 28.8876 20.672 8 1
20.7322 -1.27671 20.7884 8 0
24.0849 6.7581 20.5591 8 1
3.28656 11.4249 18.4238 8 1
6.48677 -1.61552 14.5297 8 0
-27.4744 -17.2423 21.8892 8 1
24.8946 -26.4836 21.6991 8 1
21.3406 -19.8678 21.3245 8 1
23.251 -0.0397892 20.3536 8 1
11.0521 6.19037 17.4561 8 0
0.960119 1.64153 6.24993 8 0
9.07331 1.28902 15.8599 8 0
25.66 29.7454 21.887 8 1
12.0786 -1.33212 17.9182 8 0
11.2811 7.41489 19.164 8 0
6.77732 14.4607 19.9575 8 0
-29.9335 -25.6241 21.5355 8 1
6.65574 14.0114 19.2426 8 0
3.59399 9.24846 17.1388 8 0
-1.7363 -4.26083 11.3586 8 0
7.58105 28.3086 21.8615 8 1
30 30 19.9504 8 0
29.7066 -28.3867 22.0598 8 1
4.07501 7.96174 14.5354 8 0
1.76953 -0.583365 6.66157 8 0
11.084 29.9997 19.9618 8 1
6.8253 7.70432 16.963 8 0
-28.1414 -14.5488 21.6407 8 1
-18.8053 13.6574 21.0701 8 1
9.89119 10.411 19.1295 8 0
-0.989706 26.2182 20.4098 8 1
16.1505 16.2289 20.5019 8 1
13.671 22.7454 21.4725 8 0
-12.608 -5.93156 18.8631 8 1
14.6221 -29.9181 21.4598 8 1
18.789 3.81804 20.0005 8 0
24.5437 -22.8595 21.6951 8 1
30 30 19.9504 8 0
7.7502 -0.367704 15.3283 8 1
-13.3481 21.1892 21.2366 8 0
26.7328 0.146923 20.981 8 0
2.90191 7.58032 15.4014 8 0
8.98269 6.0039 15.6689 8 0
6.58045 10.3903 18.7664 8 0
-15.4173 25.3125 21.8807 8 1
-29.2905 -8.62302 21.8353 8 1
9.24765 17.4879 20.8873 8 0
12.6046 3.99479 18.5261 8 0
29.6113 -23.8007 21.8278 8 1
22.573 25.1729 21.7444 8 1
28.5757 8.1491 21.5569 8 1
26.5439 5.34122 21.8124 8 1
12.1462 -29.192 20.8712 8 1
-4.60372 20.9102 20.7247 8 1
-12.0987 -15.6991 20.2219 8 1
3.17044 5.06467 12.1156 8 1
-1.36864 -11.6255 18.3974 8 1
26.9987 29.0732 20.0645 8 1
-26.6838 11.4798 21.8919 8 1
25.5745 -26.9406 21.5941 8 1
29.9439 -13.9933 19.8967 8 1
-22.7771 -29.8029 21.3376 8 1
15.0108 29.8702 20.2215 8 1
13.9965 12.3075 19.9035 8 0
17.6041 -29.9825 21.4666 8 1
14.8679 29.9343 20.3258 8 1
-8.66686 -2.26592 16.3428 8 0
8.0281 -1.35828 15.2005 8 0
28.2075 -28.2259 21.4169 8 1
14.3115 10.4623 20.5787 8 0
8.70644 13.7176 19.919 8 0
3.37623 -23.2138 21.2095 8 1
17.9326 1.15335 19.0448 8 0
0.734324 4.4159 11.481 8 0
10.6386 11.5161 20.0994 8 0
-0.238712 20.6683 20.8324 8 0
9.17311 18.7694 20.3357 8 0
30 -2.77758 20.6389 8 0
-4.32461 15.165 19.5389 8 0
5.67652 10.1614 17.8197 8 0
15.3019 10.1599 20.1152 8 0
5.82794 7.96965 15.7009 8 0
-0.649247 10.9832 17.2755 8 0
-29.4487 -24.1843 21.8663 8 1
-5.05425 -2.72554 12.3557 8 0
11.7874 18.6677 20.9597 8 0
10.509 -4.80703 18.0931 8 0
-26.5235 13.9072 21.503 8 0
-10.3765 30 21.3398 8 0
7.79993 3.23966 15.4555 8 0
7.88345 21.4534 21.0303 8 0
7.40357 7.56881 17.8227 8 0
-8.06758 13.3302 19.2711 8 1
29.9442 29.9887 20.035 8 1
19.6398 8.80446 20.9057 8 0
-28.4084 17.1382 21.6268 8 1
-4.78889 -26.9342 20.5167 8 1
-23.6193 -29.9002 21.5873 8 1
29.4583 7.57067 22.0545 8 0
1.31968 9.83834 16.7522 8 0
21.3508 -2.08344 20.6089 8 0
2.23581 12.9141 17.9791 8 0
4.61559 12.0013 18.3382 9 0
28.4011 -28.8446 21.7719 9 1
5.63764 11.6104 19.0026 9 1
6.74348 -3.39163 15.1766 9 0
29.6477 28.531 22.2051 9 1
8.48556 -9.71767 18.9428 9 0
12.3882 11.727 20.2911 9 1
25.047 -10.9783 19.6524 9 1
28.2225 21.6351 21.8043 9 1
14.4033 5.34069 19.9339 9 0
15.737 -23.2703 21.4412 9 1
17.3263 9.18198 20.492 9 1
-0.482292 10.9725 17.4914 9 0
9.07988 0.729232 15.7506 9 0
6.27144 2.23717 13.9452 9 0
29.8692 19.251 21.1857 9 1
17.0169 12.3938 20.5896 9 1
28.2056 2.48502 21.6559 9 1
-29.9968 29.9856 19.9561 9 1
-18.4683 7.09265 20.5693 9 0
29.9723 29.6379 21.4831 9 1
3.6052 -27.716 21.7281 9 1
3.84835 11.7364 17.9511 9 0
-24.7745 -6.24784 21.092 9 1
6.4683 13.3087 19.7395 9 0
8.42736 7.11354 17.5823 9 0
5.08338 9.74714 16.965 9 0
8.18446 5.95208 15.9685 9 1
-25.1698 -27.1143 20.7567 9 1
-29.4925 18.34 22.1068 9 1
4.65956 5.48073 15.0221 9 0
0.897904 -4.24769 10.3909 9 0
-29.8655 -15.3891 21.5959 9 1
25.1292 20.9394 20.2784 9 1
11.4178 -14.8457 20.4442 9 1
11.6641 -6.05334 18.3598 9 0
-10.0236 24.375 21.0857 9 0
9.18333 29.5332 21.7148 9 1
29.4701 13.4311 22.1246 9 1
-2.8262 5.21295 12.659 9 0
10.2271 7.34314 18.5324 9 0
6.36701 2.49097 14.6789 9 0
17.2349 15.5161 21.3278 9 0
1.1034 3.18346 8.47485 9 0
-11.9785 12.7732 19.2726 9 1
-27.5859 -27.2458 21.9752 9 1
-1.44159 -1.46235 7.37335 9 0
0.615102 12.1983 18.3567 9 0
7.20347 2.5478 15.2138 9 0
-7.83808 29.9722 20.3401 9 1
7.91697 -24.4124 21.1804 9 0
22.3317 -6.87721 20.8644 9 1
30 -27.5928 21.5694 9 1
22.2965 -29.8577 21.4312 9 1
6.0467 8.35351 16.8737 9 0
7.84915 4.92701 15.2291 9 0
16.7525 20.6448 21.511 9 0
-8.66552 7.33109 18.093 9 0
-29.9687 24.829 20.5651 9 1
-29.7454 -23.607 21.9587 9 1
-4.93474 2.85082 11.6585 9 0
21.5519 -29.9519 21.6063 9 1
8.9172 8.94238 16.9024 9 0
8.17743 25.0504 20.2325 9 1
23.5473 18.0123 21.3955 9 1
29.6842 11.3139 21.8217 9 1
1.91599 5.38619 12.7517 9 0
2.06076 4.78032 11.3911 9 0
6.03878 13.0842 17.6108 9 0
29.7587 -0.358107 21.6704 9 1
21.3077 -3.30272 21.0586 9 1
30 -2.42147 21.3734 9 0
16.7998 29.1105 20.8329 9 1
-8.7786 -4.31834 16.8166 9 1
-30 21.7998 20.6899 9 0
24.4531 29.9709 21.6208 9 1
-28.1063 18.5296 21.6412 9 1
-10.2798 29.9758 20.9982 9 1
5.54035 -26.9011 21.3816 9 1
25.4847 -29.821 21.886 9 1
1.8063 5.6029 13.2215 9 0
15.3599 0.424468 19.9755 9 0
-2.46955 -1.06928 8.08577 9 0
8.50919 -8.22935 18.3211 9 0
12.2807 9.86909 19.2866 9 0
25.5876 29.0924 21.6428 9 1
20.7123 -29.2738 21.7673 9 1
4.69678 -25.0205 20.7785 9 1
12.797 -11.4744 20.2527 9 1
22.3863 -29.8346 21.7328 9 1
-19.1229 -25.2819 21.197 9 1
-17.1854 14.9763 19.9246 9 1
29.4209 -21.7427 21.9753 9 1
25.819 26.69 21.5872 9 1
1.86922 5.31917 12.569 9 0
-28.625 -22.2657 21.9314 9 1
1.26712 -2.42627 8.53189 9 0
-29.7547 17.1388 21.1626 9 1
-18.2097 -18.6796 21.3034 9 1
-3.21042 -1.52703 9.93024 9 0
15.9412 13.2363 19.9864 9 0
7.08197 17.2469 19.7259 9 1
-1.29606 7.10607 14.233 9 0
30 -10.0063 19.7727 9 0
1.93055 -25.8081 20.323 9 0
19.9408 -7.69409 20.4034 9 0
25.5711 28.2322 21.9532 9 1
-22.116 -11.7977 20.4575 9 0
13.1525 -1.32263 18.5645 9 0
-2.86401 -2.68702 10.0961 9 0
-1.49548 9.71234 17.1958 9 0
-29.9998 20.0765 20.0284 9 1
-10.3398 0.3288 17.4841 9 0
12.6669 17.7572 21.0063 9 0
-17.8979 -28.5915 21.5676 9 1
-15.5908 19.6071 21.6955 9 0
11.6013 9.47633 19.906 9 0
8.4155 -4.92665 16.6652 9 0
-5.11478 -0.0321045 10.64 9 0
-7.33616 4.09784 15.4612 9 0
9.3595 -2.43904 17.1673 10 0
5.06441 11.6978 18.0732 10 0
1.23424 1.70853 6.94965 10 0
25.891 -8.58867 21.3325 10 1
-29.7152 -28.1059 21.327 10 1
3.46226 20.9189 20.7694 10 0
9.42723 20.1949 21.1062 10 1
-3.91961 9.89851 15.9659 10 0
-28.4955 5.98636 21.3943 10 1
2.10666 18.2288 19.6444 10 0
-21.7214 25.6243 21.9041 10 1
1.10203 -30 19.9703 10 1
-29.7621 29.9856 20.9586 10 1
15.0285 16.8536 19.6831 10 1
9.03708 0.711094 15.7274 10 0
-29.054 13.1442 20.3168 10 1
6.28681 11.2862 18.7039 10 0
13.1999 19.2419 20.7828 10 1
2.46018 9.72438 17.3085 10 0
27.2683 0.465124 21.716 10 1
27.8505 26.9243 20.5394 10 1
1.40604 8.84719 16.2049 10 0
27.6403 -29.6312 22.1352 10 1
28.7326 15.0927 21.0776 10 1
3.1524 5.70679 13.5978 10 0
15.6823 16.7275 21.1789 10 0
4.17679 0.239812 10.361 10 0
10.8516 4.22949 17.4298 10 0
4.80864 25.3131 21.2083 10 1
-28.3362 -20.262 21.8291 10 1
6.48198 0.23705 14.0927 10 0
16.3208 16.2216 21.065 10 0
17.685 0.88357 19.8938 10 1
17.8346 -23.2527 21.1238 10 1
30 -10.5391 21.4803 10 0
2.57045 4.91585 12.6113 10 0
3.81669 3.38357 12.1513 10 0
-29.1437 -27.1665 20.8959 10 1
26.9513 24.6776 21.3113 10 1
26.353 27.2617 21.9114 10 1
22.4467 13.7977 21.5137 10 1
-9.19285 2.11119 15.7012 10 1
29.6773 28.5761 22.1448 10 1
15.4812 20.2768 21.6164 10 1
-10.7407 -21.2058 20.9107 10 1
30 -30 19.9504 10 0
1.33855 -13.5237 19.3233 10 1
0.0379372 27.1595 20.1608 10 1
2.50756 7.52225 15.8317 10 0
8.91002 -29.7865 20.763 10 1
3.54728 22.4477 21.5281 10 1
-8.03745 -28.7105 20.985 10 1
26.2592 -3.83649 20.9911 10 1
12.5515 -4.76653 19.0675 10 0
6.82754 20.9647 19.7753 10 0
10.45 21.8515 21.2306 10 0
4.29277 1.53611 11.6848 10 0
-0.533144 10.272 17.4762 10 0
7.91624 28.0015 19.8514 10 1
4.31042 19.7938 20.6267 10 0
17.5133 -18.7243 21.6251 10 1
1.41849 -0.559478 6.19183 10 0
-27.2625 -27.9223 21.1426 10 1
21.6877 -13.4343 21.6534 10 1
6.70823 9.02366 17.2002 10 0
-6.93873 -17.7702 19.6778 10 1
16.1765 14.9088 19.9251 10 1
21.323 -28.5841 22.0689 10 1
21.0993 -23.4122 21.5062 10 1
-28.2885 -22.9391 21.1916 10 1
30 -30 19.9504 10 0
6.21808 13.5902 19.5776 10 0
29.986 -5.82808 20.3696 10 1
8.07253 9.25163 17.6366 10 0
1.71503 -8.08496 15.1245 10 0
-24.1706 30 20.5377 10 0
4.073 4.78654 12.7411 10 0
10.8983 4.06714 16.5011 10 0
0.437817 2.24834 7.61922 10 0
-18.7069 -11.5134 21.2915 10 1
1.3459 -2.3423 8.49625 10 0
2.75212 5.07878 12.3194 10 0
8.61386 -29.3877 21.9866 10 1
30 -27.8666 20.3538 10 0
30 30 19.9504 10 0
-29.4966 -14.7629 21.8983 10 1
0.78445 1.09748 4.51582 10 0
7.51726 0.692163 15.3323 10 0
26.9232 28.4393 21.6605 10 1
13.5008 13.3055 20.8368 10 0
21.7773 -29.6243 21.8444 10 1
17.0642 9.27227 19.9582 10 1
10.5403 15.5462 20.9324 10 0
21.4738 30 21.6031 10 0
8.83831 5.56457 17.33 10 0
3.83623 17.1123 19.1499 10 0
-24.2693 24.7844 21.5225 10 1
2.06991 13.7293 18.4375 10 0
11.6442 4.56377 18.8436 10 0
-11.6076 7.50397 19.4755 10 1
29.9789 -14.9699 19.861 10 1
-26.367 19.3023 21.913 10 0
-29.8208 -29.9364 20.7021 10 1
11.3837 10.2681 19.7792 10 0
27.8776 12.4101 21.5123 10 1
2.5285 7.18674 15.1669 10 0
30 -18.8435 20.4097 10 1
-2.45462 12.3515 18.8891 10 0
-29.8435 14.628 21.6039 10 1
12.8789 1.1113 17.398 10 0
28.1204 27.613 21.6578 10 1
29.5577 -3.77994 21.7346 10 1
7.47884 -3.50151 16.1281 10 0
8.48221 -3.80142 16.6331 10 1
9.69724 30 21.0856 10 0
29.8369 27.1318 20.8334 10 1
-1.13876 18.6322 20.3062 10 0
3.33364 -1.21953 9.75615 10 0
9.02135 21.2596 20.3625 10 1
13.0809 4.63581 18.7945 10 0
-1.32343 -28.9837 21.0716 11 1
5.36986 9.1499 17.304 11 0
-19.7748 -9.74016 20.7851 11 1
26.9071 -1.56743 21.3139 11 1
8.22772 -5.80674 16.6274 11 0
28.6677 -29.4343 22.1644 11 1
8.21738 3.4788 16.3818 11 0
16.2934 19.1053 20.8477 11 1
-29.9322 13.9676 19.9581 11 1
12.6575 7.43068 19.726 11 0
25.7465 28.637 21.9181 11 1
0.67943 2.60109 8.50411 11 0
10.978 -28.919 19.9273 11 1
9.17945 2.33644 16.5221 11 0
22.3315 29.6158 22.0741 11 1
9.42718 8.18887 18.5277 11 0
6.88735 8.55162 17.5751 11 0
-15.6771 29.9933 21.2304 11 1
2.01689 9.36431 16.3746 11 0
-14.9867 9.21516 19.2222 11 1
-1.61598 21.1545 20.8097 11 1
2.90351 2.27145 9.43363 11 0
28.1106 -24.0801 20.3367 11 1
15.2215 4.73721 19.5696 11 0
3.47048 8.67151 16.8976 11 0
-11.7977 -29.9991 20.598 11 1
-6.37399 8.07012 16.941 11 0
0.55846 15.9905 19.6041 11 1
30 -22.1739 20.5407 11 0
12.8852 19.6202 20.9834 11 0
30 27.8202 20.6156 11 1
14.6856 -8.2564 20.0671 11 1
4.70299 6.61498 15.7777 11 0
14.8697 28.9342 20.2933 11 1
-12.3785 -13.1777 20.2995 11 0
9.40129 -28.5703 22.0104 11 1
-19.9681 29.0567 19.9737 11 1
20.8426 0.71965 20.4735 11 1
-30 30 19.9504 11 0
-29.402 29.9604 21.586 11 1
7.48986 12.5297 19.809 11 0
11.7562 7.72582 19.0374 11 0
27.483 -15.3301 22.0069 11 1
-28.9364 -3.74133 20.853 11 1
0.346634 29.5512 21.9443 11 1
-5.84834 -7.96112 15.6014 11 0
8.76422 7.12837 17.193 11 0
-14.1443 -27.2466 21.0824 11 1
6.15856 9.66094 17.755 11 0
27.9504 28.8612 20.4304 11 1
8.57003 27.9677 21.3607 11 1
-16.5983 30 21.4647 11 0
3.69027 5.23621 13.7656 11 0
-23.2377 21.2946 21.5811 11 1
-24.2576 28.6512 21.8895 11 1
-6.08303 -18.7379 19.9998 11 1
4.30658 4.70119 13.8777 11 0
-2.61246 6.1219 13.9356 11 0
6.01124 2.11585 12.2052 11 0
28.3225 25.0965 21.413 11 1
-28.2606 -10.5852 21.8089 11 1
-2.0368 1.61037 7.75731 11 0
-15.3348 -27.6891 21.8471 11 1
6.85392 7.30654 16.7297 11 0
12.6917 1.23514 18.5474 11 0
-5.50263 28.2711 21.81 11 1
5.29729 4.85812 14.2984 11 0
-3.7578 25.6597 21.4241 11 1
-9.44776 4.65505 17.7382 11 1
14.1327 -4.26413 18.9 11 0
0.545982 -5.09179 12.0826 11 1
24.8952 -4.49749 21.2587 11 1
-10.7865 -22.6275 21.3499 11 1
-18.1953 -9.55148 20.8879 11 1
4.7228 29.864 21.165 11 1
26.2247 -3.20284 20.989 11 1
-12.956 18.8746 19.6315 11 1
6.17827 2.84964 13.4107 11 0
12.9701 -17.5222 20.8058 11 1
3.42567 5.05474 13.2604 11 0
7.23141 30 20.7162 11 0
-22.4251 -12.3337 21.6841 11 1
-0.699551 16.8024 19.8583 11 1
5.23674 -7.64583 16.5562 11 1
-16.2875 27.1477 21.29 11 1
-10.9164 9.28991 18.7227 11 1
-14.0889 5.1296 18.165 11 1
10.9234 -3.0208 16.1344 11 0
-9.45126 29.5093 22.0914 11 1
3.49969 5.30381 14.062 11 0
27.0427 -27.8639 20.3874 11 1
1.8563 18.2855 20.0114 11 1
9.24072 -27.3658 21.6435 11 1
12.3207 4.09373 18.307 11 1
-0.417255 3.38347 9.92209 11 1
11.9268 7.68092 18.7599 11 0
10.6756 6.23579 18.4027 11 0
12.5046 -0.27273 18.7427 11 0
-8.41261 -20.986 20.8267 11 1
14.0007 2.01231 17.2983 11 0
-21.4774 -8.71401 21.4191 11 1
11.7578 12.0657 19.2517 11 0
-27.917 30 20.1139 11 0
3.35297 7.51163 16.0201 11 0
2.26338 -4.79304 12.1714 11 0
30 -9.26253 20.8973 11 0
1.32297 6.73438 14.3779 11 0
-8.69384 14.0229 19.3989 11 0
8.4789 8.73858 18.5562 11 0
6.44405 8.76415 17.7701 11 0
5.92267 1.05079 11.6742 11 0
7.21099 5.80103 15.9938 11 0
7.04892 14.8734 18.4824 11 0
5.71159 5.78291 15.3989 11 0
13.8035 8.23881 19.4377 11 0
6.49512 -20.6962 21.2737 11 1
3.82778 12.1596 17.7667 11 0
7.13402 14.604 19.7723 11 0
4.91482 9.51336 17.385 11 0
1.62144 5.64543 13.4897 11 0
8.85193 1.42317 16.2242 12 0
5.77609 9.86772 17.2286 12 0
29.6864 -29.377 22.0883 12 1
4.11641 29.8755 20.369 12 1
4.61177 6.91693 15.4931 12 0
-23.8724 -10.3392 21.1282 12 1
21.1953 24.2892 21.4612 12 1
-22.8883 -8.83055 20.2287 12 1
29.9994 -24.6742 21.3249 12 1
4.90751 7.79564 15.533 12 0
9.18306 7.3822 18.0915 12 0
5.61713 5.49077 15.7137 12 0
1.32147 4.76399 11.9373 12 0
-12.5292 5.53415 19.4605 12 1
-21.1499 -20.3261 21.3364 12 1
26.3166 -16.1506 21.371 12 0
24.6492 -12.5269 21.8632 12 1
29.4882 -26.4769 22.2743 12 1
4.52882 -2.68434 12.7187 12 0
-28.3339 -8.00313 21.1252 12 1
1.10424 0.664617 4.8993 12 0
4.57934 11.196 18.342 12 0
-23.2636 -25.1259 21.1988 12 1
29.9458 -29.9333 20.1386 12 1
28.5225 29.0457 21.6704 12 1
-6.45199 -29.8796 21.5607 12 1
-23.1108 -7.17201 20.2085 12 1
-15.2872 -29.9638 21.0967 12 1
2.88455 3.14214 9.78835 12 0
28.8329 19.7862 21.1402 12 1
7.62052 1.81255 15.2703 12 0
9.556 -14.1038 19.9901 12 0
29.2545 26.8446 21.3411 12 1
-7.44942 -29.5394 22.0661 12 1
30 -3.28642 20.9661 12 1
15.3883 4.30887 20.0613 12 0
-18.8739 23.4228 21.5214 12 1
2.95836 12.7676 17.8713 12 0
18.2182 10.8242 20.3365 12 1
1.02023 -22.0184 19.1343 12 1
-5.48878 0.347659 13.0745 12 0
3.94881 -0.533874 10.3486 12 0
-10.6466 -29.9681 21.2894 12 1
23.9422 -29.9835 20.0063 12 1
27.7287 13.56 21.8763 12 1
4.0139 9.4757 17.0479 12 0
-22.8596 -17.0058 20.0978 12 1
4.47321 -1.50888 12.089 12 0
-28.9196 -29.7553 21.087 12 1
27.4326 -14.1499 21.6133 12 1
3.16261 9.42371 16.9817 12 0
29.4139 8.49843 22.0598 12 1
-1.07024 9.59025 16.5782 12 0
-27.0381 -20.7397 20.9832 12 1
20.4549 -6.98544 20.7595 12 1
10.7405 -2.15274 17.1765 12 1
18.4089 -4.68094 20.8233 12 1
20.7567 26.7252 21.6063 12 1
-23.2293 -29.7682 21.4927 12 1
6.74367 8.30802 17.4943 12 0
-22.1237 24.47 21.6559 12 1
4.46162 5.52529 15.017 12 0
9.31087 0.596483 16.8225 12 0
9.03952 0.86055 14.9446 12 0
24.6976 16.0068 21.0047 12 1
-1.63182 15.7234 19.9234 12 0
-17.9829 -17.396 21.0317 12 1
29.6393 0.85218 21.4371 12 1
1.85695 5.70282 12.9748 12 0
30 6.30406 21.0606 12 0
1.91031 29.0506 19.9388 12 1
29.5831 6.38643 21.9972 12 1
-3.09016 12.1689 17.3844 12 0
5.6931 8.40727 17.4074 12 0
29.7121 -14.5778 21.9612 12 1
-29.3543 28.7654 21.8848 12 1
-22.8134 10.9001 20.3386 12 1
-0.583443 30 21.3617 12 0
-5.85825 -0.377977 13.0437 12 0
-27.3573 28.9503 21.4689 12 0
22.0933 -0.34281 20.6879 12 1
-29.9398 2.10899 20.0872 12 1
29.2873 -13.7422 21.6434 12 1
-24.4895 10.3963 21.8458 12 1
-29.6613 -27.6901 22.0151 12 1
25.8911 -29.9987 20.2157 12 1
-3.83594 -0.223239 9.69693 12 0
3.59464 5.58363 14.4701 12 0
3.7976 1.17274 9.85473 12 0
21.9152 -15.5135 21.3349 12 0
7.07919 29.6494 21.2951 12 1
30 15.6925 21.1702 12 0
-8.83617 -20.261 20.5902 12 1
-25.9926 -28.7559 20.9566 12 1
9.81789 9.53452 19.0764 12 0
4.18092 5.19134 13.4489 12 0
4.50643 6.13608 15.0612 12 0
18.115 23.5324 21.5266 12 0
10.4234 2.47554 17.9309 12 0
1.4325 15.2484 19.7882 12 0
5.42614 4.94551 14.6129 12 0
12.9554 3.99994 17.1131 12 0
-11.5807 16.3176 21.0121 12 0
3.6659 15.5422 20.1481 12 0
-9.61378 12.44 20.1228 12 1
-2.38966 5.02474 12.4974 12 0
4.79859 7.33161 16.0165 12 0
9.01996 -26.7406 20.7543 12 1
5.21204 -4.19812 13.6353 12 0
-17.089 -11.2703 20.1784 12 1
6.95796 0.000718117 12.5705 12 0
-7.22474 -24.1258 20.6119 12 1
18.0684 -9.19653 19.7233 12 1
0.377067 0.517312 4.02414 12 0
3.90684 12.4211 18.5693 12 0
1.94378 7.46406 15.0172 12 0
-1.04305 3.94667 8.894 12 0
-3.3033 7.04752 14.6974 12 0
15.5734 17.3748 21.5315 12 0
10.364 7.04669 18.1574 12 0
6.73699 10.6244 18.6693 13 0
3.30238 8.97823 16.1522 13 0
-26.2944 -29.4751 22.1115 13 1
-22.2167 -29.903 20.9438 13 1
8.76946 -4.14344 16.1949 13 0
25.7146 -9.98579 20.8405 13 1
17.0206 29.7138 21.094 13 1
7.02404 2.92295 13.3467 13 0
-14.6043 30 21.4307 13 0
-20.9798 -8.87642 19.5746 13 1
-0.921886 18.94 18.8753 13 1
29.2859 11.2896 21.6915 13 1
20.3758 7.49619 21.3651 13 1
28.7768 20.2842 21.6032 13 1
6.09096 6.47382 16.0986 13 0
-15.7622 -27.2567 21.468 13 1
27.1844 -0.0998478 20.459 13 1
7.85493 12.0365 17.888 13 0
18.9142 19.9982 19.7783 13 1
1.6889 -4.15884 11.0301 13 0
2.18151 6.62998 14.3901 13 0
-18.5767 -24.0824 21.4557 13 1
-29.1583 28.9357 20.5788 13 1
11.3414 7.76678 19.0523 13 0
5.72809 5.01949 14.373 13 0
3.18922 4.04539 11.119 13 0
-26.379 1.86146 21.2824 13 1
4.21628 6.48568 15.3456 13 0
4.10896 2.48915 11.6854 13 0
28.9344 -29.9946 20.057 13 1
-26.9111 14.3394 21.2795 13 1
29.9046 0.349777 21.3002 13 1
4.20254 4.12329 12.3644 13 0
6.38909 3.75792 15.0087 13 0
2.41615 5.25163 13.2421 13 0
3.6098 19.557 21.0915 13 1
-9.54278 -11.8354 19.5914 13 1
5.71976 3.53293 14.4315 13 0
7.09644 1.68029 14.3676 13 0
10.5523 10.8188 19.5906 13 1
-14.6075 29.6526 22.0238 13 1
5.46012 2.80431 13.5948 13 0
1.7818 3.6389 10.6408 13 0
9.22518 6.29005 17.6406 13 0
29.9998 -24.77 20.8813 13 1
11.0444 10.6272 19.288 13 0
-16.4195 -23.8665 21.4839 13 1
5.85835 16.6695 19.9995 13 0
24.2389 -29.8882 21.1152 13 1
5.71858 9.66223 17.9333 13 0
3.76362 9.69648 17.2393 13 0
8.62664 7.36868 18.1964 13 0
11.0912 -5.55049 18.3101 13 1
9.17695 -1.1823 15.7801 13 0
27.1473 -24.7441 21.2815 13 1
-28.6395 2.91844 21.2542 13 1
4.73232 5.00608 13.6093 13 0
26.0713 1.39005 21.1525 13 1
8.97212 10.3873 18.7283 13 0
2.2162 4.36206 11.9023 13 0
16.3383 7.95187 19.9486 13 0
2.69192 4.92476 12.3694 13 0
-9.68161 -2.59257 17.3369 13 1
9.54765 5.08914 17.4406 13 0
21.2974 -19.4094 21.8118 13 1
22.2652 -26.8021 21.4538 13 1
2.4362 3.12528 10.4005 13 0
2.40959 5.10603 12.7459 13 0
30 -30 19.9504 13 0
-9.16608 26.503 21.5592 13 1
-17.3207 -29.6798 21.9117 13 1
19.4412 -3.0575 20.48 13 1
8.85093 -0.594688 16.1253 13 0
12.8375 28.8142 20.9071 13 1
-12.9691 10.8296 18.8086 13 1
-3.00416 -7.38056 15.0941 13 0
28.0994 2.72176 20.9756 13 1
-25.2962 -16.7453 21.5904 13 1
2.52271 -30 21.4301 13 0
0.185583 25.7692 20.9026 13 1
30 -29.6903 21.2945 13 1
11.2496 -12.2995 19.9656 13 1
4.52126 -29.8124 21.6996 13 1
11.8436 10.2845 19.3573 13 0
-20.3871 23.7704 21.7501 13 1
7.41814 7.9291 17.3956 13 0
6.1899 7.88 16.1387 13 0
4.74737 -5.13683 13.9062 13 0
24.7449 -29.7875 21.5287 13 1
29.3111 -4.95597 21.0782 13 1
29.1653 -29.7784 21.2549 13 1
15.0422 15.8456 19.6586 13 0
-26.1338 24.4958 21.7454 13 1
22.1047 -29.7165 21.2743 13 1
4.56423 2.12744 12.0123 13 0
-16.9142 10.3657 20.4072 13 1
3.71956 9.68633 17.3593 13 0
-29.1812 -4.44026 21.6362 13 1
-2.74544 30 20.8107 13 0
14.0321 6.73176 18.963 13 0
3.68975 11.7537 18.3747 13 0
-29.9662 -24.114 20.2545 13 1
-22.1071 -29.5827 21.6526 13 1
30 -23.6378 21.4357 13 0
-6.89009 -9.2471 17.3193 13 1
3.45732 -0.122218 9.57174 13 0
26.7252 -19.8874 21.1852 13 1
2.43896 4.69986 12.7212 13 0
-29.9908 28.7106 21.2045 13 1
10.9286 4.88453 16.7576 13 0
14.0601 -1.54256 19.0298 13 0
0.606211 12.24 18.4869 13 1
11.1012 6.53834 18.5642 13 0
2.83341 -7.70852 15.3287 13 0
1.34164 -12.1981 18.2978 13 1
25.5976 23.6628 22.0618 13 1
2.6055 0.076705 7.83455 13 0
7.81581 30 20.4532 13 0
20.3404 6.37702 21.2029 13 1
3.31364 2.05019 9.8675 13 0
5.31809 0.656571 12.7283 14 0
2.3382 9.29298 16.8876 14 0
6.52207 13.6228 19.9298 14 0
15.4824 27.7004 21.9715 14 1
5.38121 -24.6638 21.6198 14 1
20.7295 -13.7602 21.1569 14 1
-15.8992 -2.8908 18.4804 14 1
4.5785 14.5696 20.002 14 1
16.7421 -10.7 20.6781 14 1
1.48638 2.68783 9.2625 14 0
-19.3453 16.9494 20.9788 14 1
10.7188 25.6686 21.6167 14 1
8.49491 2.21395 16.2604 14 0
11.2131 8.72285 19.0055 14 0
-3.27253 29.0716 20.9372 14 1
-26.2335 30 20.9107 14 0
9.03811 0.933593 14.6179 14 0
-0.687585 7.98041 14.9188 14 0
30 -12.8504 20.306 14 1
7.54427 -28.5478 22.0276 14 1
-29.5016 -24.7829 21.9601 14 1
9.57545 8.33172 18.8945 14 0
26.8752 -17.5902 21.5708 14 0
29.8418 9.59768 21.608 14 1
2.47343 9.55471 17.3841 14 0
3.34862 5.18678 13.4577 14 0
5.63751 30 21.2598 14 0
-29.902 -19.0754 20.2387 14 1
-17.0166 -20.8211 20.2315 14 1
-24.7042 10.6226 21.6661 14 1
2.06415 4.21533 10.6555 14 0
-19.617 29.1409 21.632 14 1
3.08016 6.67871 14.4023 14 0
-0.285831 7.35842 15.0065 14 0
29.764 21.109 21.0646 14 1
21.9723 -26.0531 19.9323 14 1
-0.472496 -1.51378 6.36492 14 0
5.95638 9.97302 16.2006 14 0
29.7631 -23.0656 20.9734 14 1
13.1502 -29.6012 21.6164 14 1
8.26951 -0.515473 15.9499 14 0
3.36028 1.36317 10.218 14 0
3.90528 0.697083 10.0206 14 0
-20.1002 -15.9801 19.7285 14 1
15.6088 0.125488 19.5533 14 1
-9.42717 -13.1239 19.7717 14 1
7.47263 7.95904 17.4565 14 0
2.32728 3.80089 11.1428 14 0
3.38835 4.55296 13.3298 14 0
3.52785 26.0877 21.2992 14 1
6.58546 5.21445 15.8943 14 0
-16.6743 25.7874 21.5649 14 1
28.2137 -16.7631 21.3588 14 1
-29.991 -13.2697 20.976 14 1
29.9552 -15.3676 21.3929 14 1
7.59006 1.94969 15.0609 14 0
6.34642 8.57359 17.8127 14 0
-27.2655 29.7023 21.8297 14 1
5.47037 1.82481 13.1029 14 0
-13.8551 -6.15694 18.5841 14 1
-29.8876 9.67723 21.31 14 1
0.587792 8.42379 16.2402 14 0
-1.66955 27.3204 21.6677 14 1
5.61826 10.3556 18.4302 14 0
11.8247 12.2797 19.7809 14 0
-18.841 12.9002 19.9616 14 1
8.80147 -8.83395 17.7819 14 1
8.25721 -1.14857 15.2502 14 1
5.5946 -3.45122 14.414 14 0
29.5715 -29.9674 21.6264 14 1
8.93149 5.66704 17.0094 14 0
17.1506 -23.902 20.3915 14 1
3.35179 -10.552 18.0776 14 1
29.7529 -15.9157 20.9955 14 1
-29.5745 -3.9472 21.3973 14 1
5.17902 -29.6327 21.5476 14 1
27.0742 -4.23029 20.6408 14 1
5.86121 6.86592 15.2149 14 0
8.61821 12.4399 19.9309 14 0
15.2988 -29.1495 21.3729 14 1
9.34506 9.20421 18.7192 14 0
11.6969 3.69034 18.4818 14 0
-29.7196 14.6183 21.904 14 1
-18.6055 -27.9798 21.4383 14 1
3.77713 5.02207 12.7083 14 0
-29.7248 20.507 22.0364 14 1
1.78148 4.62348 12.0216 14 0
-24.3059 -27.3811 22.0221 14 1
-29.8715 -20.7339 21.2578 14 1
8.90863 3.87071 15.5084 14 0
23.5796 -19.3622 21.9845 14 1
29.9129 -26.6094 21.6073 14 1
-5.83837 0.142818 12.1838 14 0
4.26824 3.18863 12.1638 14 0
13.6311 -2.23701 19.1412 14 0
8.72929 -1.20093 15.8753 14 0
-30 30 19.9504 14 0
6.56019 6.85379 16.6393 14 0
-16.9758 -10.4436 20.499 14 1
11.9305 12.9616 18.5059 14 0
15.2139 -6.74525 19.7154 14 1
1.97963 30 19.7263 14 0
7.29592 7.33529 17.4161 14 0
3.65952 5.48283 14.3801 14 0
-2.75895 12.6859 18.6837 14 1
28.4841 22.5334 22.2278 14 1
11.6827 19.5322 21.4191 14 0
16.0564 29.6948 21.201 14 1
-24.7441 28.9443 21.0566 14 1
2.15534 4.60294 12.0835 14 0
-28.8074 -27.6377 21.7852 14 1
1.75378 3.25808 9.88017 14 0
8.98509 7.82537 16.9431 14 0
1.39329 1.43221 7.21285 14 0
23.6115 -26.2577 21.9166 14 1
5.48555 7.0168 16.0435 14 0
18.5764 -20.7105 21.7596 14 1
6.10531 10.502 18.2297 14 0
3.658 10.8555 17.7253 14 0
1.86746 7.50287 15.1679 14 0
-10.5119 -23.7181 21.6585 15 1
-15.5241 -21.7844 21.5842 15 1
11.6608 8.3279 19.4762 15 0
-9.20708 22.7131 21.0749 15 1
3.31418 3.92578 11.7625 15 0
3.47783 2.77434 11.3998 15 0
-9.30969 16.673 20.7151 15 1
-22.4065 -29.087 21.596 15 1
29.9292 -24.7639 20.9954 15 1
5.50103 13.7608 19.6314 15 0
3.04546 9.31067 16.3723 15 0
9.20756 4.23659 16.7584 15 0
-29.4185 3.22075 21.7053 15 1
29.0972 -29.2171 20.9908 15 1
-14.986 23.0782 19.7529 15 1
-29.5624 -15.5331 22.1542 15 1
5.3989 3.4322 14.2013 15 0
8.85972 6.79463 17.0163 15 0
16.5598 -5.70374 20.494 15 1
21.5762 -9.05896 20.965 15 1
-26.5641 -12.1955 21.6512 15 1
-12.6789 28.2838 21.7435 15 1
22.2431 29.8352 21.2959 15 1
-29.8981 14.6051 21.5313 15 1
-8.76128 28.5783 21.7596 15 1
-20.6797 -11.2486 21.1907 15 1
3.66861 5.08569 13.2764 15 0
-29.9953 25.2194 20.8263 15 1
-27.9921 16.6816 21.181 15 1
-5.43043 -27.0105 21.2649 15 1
12.6285 -30 21.3509 15 0
13.389 28.7125 21.8851 15 1
5.1955 6.98287 14.9331 15 0
2.68189 5.05585 12.516 15 0
20.4597 29.3211 22.0944 15 1
6.15348 10.5602 18.3317 15 0
-8.05046 29.3136 21.1227 15 1
3.57567 2.04501 10.5125 15 0
2.53653 4.01982 11.4974 15 0
9.39157 5.48369 18.0097 15 0
8.81094 1.20797 15.6588 15 0
7.35594 -2.62369 15.5764 15 0
5.52771 4.37921 14.9158 15 0
5.15709 -1.7809 12.022 15 0
29.9864 -29.9856 19.9608 15 1
2.94655 0.581311 8.60288 15 0
12.4397 -18.2403 21.1893 15 1
7.72507 9.41564 18.5446 15 0
25.9664 29.7728 20.8922 15 1
29.4637 -7.88268 21.5608 15 1
11.0692 -26.1731 20.3735 15 1
-28.8315 27.9503 20.5937 15 1
-18.3069 30 21.1952 15 0
7.08779 -2.17638 13.7958 15 1
27.5888 27.0776 21.6162 15 1
-10.4493 25.8194 21.5608 15 1
1.79811 5.09184 11.6348 15 0
-29.8233 -23.3475 21.6873 15 1
1.75971 1.29333 7.13114 15 0
2.23976 3.43057 10.8572 15 0
11.7546 -24.3972 21.6034 15 1
3.59728 6.34734 15.0926 15 0
-29.7703 -7.71578 21.502 15 1
24.5502 27.531 22.2291 15 1
-5.22052 2.08566 12.0025 15 0
30 -5.56431 21.4099 15 0
4.98454 11.3076 17.8566 15 0
-29.5516 27.1584 21.8324 15 1
27.506 -19.8083 21.8268 15 1
18.6643 0.781488 20.44 15 1
14.1187 15.199 19.9644 15 1
0.392846 5.16769 12.2421 15 0
6.3212 3.57479 15.0409 15 0
21.8171 16.3466 21.3724 15 0
5.51642 8.41943 17.5082 15 0
8.15209 8.26402 17.568 15 0
3.44586 -4.86436 13.2429 15 0
3.00984 4.84837 11.5941 15 0
25.8874 16.3007 21.2036 15 1
30 15.4239 21.4911 15 0
27.9101 22.62 21.5343 15 1
-24.7043 -22.9657 21.1341 15 1
2.85376 2.12528 8.69886 15 0
-28.6185 -26.9237 21.5621 15 1
13.895 -29.2805 21.1642 15 1
-28.1404 -1.88109 20.365 15 1
3.47632 4.14385 12.5801 15 0
-25.211 -26.7162 21.5913 15 1
1.12028 2.61275 8.35478 15 0
27.6721 25.5534 22.1281 15 1
0.868151 3.52409 9.89239 15 0
5.03336 9.23713 16.5024 15 0
2.72568 4.37114 12.4093 15 0
27.0501 22.8205 20.5911 15 1
8.33741 4.38933 16.9173 15 0
4.10309 9.89311 16.1169 15 0
2.39056 0.895529 7.7692 15 0
-0.968617 4.10557 9.28293 15 0
-1.40853 1.34381 7.03378 15 0
12.871 2.96754 17.3266 15 0
-24.461 -16.2075 21.7005 15 1
2.3193 0.467386 7.90931 15 0
0.812963 -7.32019 14.681 15 0
23.8278 1.23243 20.697 15 1
7.28189 -0.944736 14.1895 15 0
-0.214115 3.27715 9.12137 15 0
-15.3995 21.074 21.1753 15 1
3.47918 3.81695 12.3368 15 0
2.29042 -5.36505 13.3199 15 1
-1.78829 5.15502 11.9813 15 0
-17.1828 -22.0114 20.3118 15 1
8.52592 9.69228 18.9844 15 0
13.5498 -28.7415 21.8896 15 1
-25.6228 -8.33398 21.7323 15 1
2.88055 6.27388 13.8467 15 0
30 10.4772 21.4896 15 1
10.1284 6.42262 18.1418 15 0
8.84213 4.79279 16.394 15 0
16.7235 -27.2189 21.4856 15 1
0.889753 29.5556 21.4943 15 1
3.63002 27.453 21.8798 16 1
28.8631 5.83254 20.632 16 1
22.9775 19.9118 19.9373 16 1
11.9922 7.84505 17.8999 16 0
3.07645 2.01941 8.27382 16 0
9.02495 0.780162 15.363 16 0
27.6608 29.7324 21.9288 16 1
-6.90101 28.3376 21.239 16 1
8.25034 11.5514 19.4101 16 1
7.47435 -8.33211 18.134 16 1
20.9663 -3.20675 19.8575 16 1
17.9972 -20.5566 21.2669 16 1
4.53464 5.18244 14.4118 16 0
7.85456 4.6284 16.2488 16 0
11.5569 7.14208 18.9333 16 0
-7.47918 27.4312 21.9727 16 1
27.6764 -29.9987 21.3369 16 1
-22.5039 27.183 21.8382 16 1
19.3051 9.07607 20.4234 16 1
9.89527 -29.9998 20.0399 16 1
-27.569 -22.6156 22.1521 16 1
-17.4971 -29.183 21.8115 16 1
30 25.1756 20.5741 16 1
30 -19.7041 21.1634 16 0
25.4515 -15.3926 22.0003 16 1
4.84293 15.5475 19.9021 16 1
26.6842 -27.8116 21.6446 16 1
1.52291 4.7165 12.2465 16 0
3.58757 4.58806 13.5151 16 0
5.7787 2.57744 13.8417 16 0
4.38368 1.91342 11.4926 16 0
8.37851 0.851788 15.7009 16 0
3.6949 9.38766 17.3397 16 0
6.57215 -8.73324 17.8498 16 0
-14.7757 2.81247 19.0226 16 1
-27.9512 29.0412 20.0397 16 1
4.28601 3.39621 12.8883 16 0
1.36395 3.99906 10.5276 16 0
6.98281 7.54394 17.0283 16 0
6.91874 11.6133 18.7025 16 0
-11.0935 30 20.0016 16 0
2.82326 3.66916 11.3475 16 0
14.8485 7.15451 19.0018 16 0
5.4089 1.47755 13.2678 16 0
-29.9292 -29.9017 20.3072 16 1
4.818 6.22043 14.7958 16 0
24.4139 16.1104 21.4418 16 1
3.24844 3.93974 11.4048 16 0
-29.2147 18.1649 21.1238 16 1
6.62192 7.38279 17.3173 16 0
28.8063 -28.9318 20.7819 16 1
-15.3972 -11.6715 20.8875 16 1
-4.98232 -3.97349 11.9058 16 1
4.16142 4.13325 12.1726 16 0
4.97001 5.36303 14.4274 16 0
0.881947 6.92794 13.0028 16 1
13.1012 -0.238834 18.0347 16 1
12.6895 1.57729 18.906 16 0
24.9128 -19.1931 20.6586 16 1
8.22283 3.00569 15.1255 16 0
6.34673 2.08331 13.7832 16 0
-23.4279 11.9319 21.2274 16 1
2.56264 4.46436 12.6736 16 0
3.0742 3.61221 11.4243 16 0
25.4924 -13.0892 21.4438 16 1
3.6461 -30 21.2229 16 0
-30 -30 19.9504 16 0
-29.9971 -4.4906 21.4433 16 1
9.00814 5.91219 15.8384 16 0
29.6237 -26.141 21.6827 16 1
7.33341 0.407182 15.127 16 0
6.67685 7.49347 17.3949 16 0
13.6159 -29.5596 22.0854 16 1
-29.8132 -13.2741 21.3951 16 1
26.5778 26.39 22.1806 16 1
29.539 20.076 21.6304 16 1
5.93511 4.39512 14.6147 16 0
-29.2251 5.59106 21.7107 16 1
7.12901 8.88262 16.6801 16 0
3.21007 6.85667 14.3183 16 0
-27.9488 22.2152 20.7989 16 1
16.1086 16.219 20.3052 16 0
-2.51212 10.2763 17.6787 16 0
25.4384 -28.924 21.651 16 1
29.1635 -9.32595 21.4255 16 1
4.833 0.738617 11.4632 16 0
-26.9593 -28.7213 21.1594 16 1
-11.967 -15.6942 20.1173 16 1
1.12869 6.56326 14.0292 16 0
-29.3114 14.1384 21.3738 16 0
2.68016 1.69676 9.2617 16 0
3.21015 -0.19121 8.67079 16 0
5.78308 3.78498 13.9565 16 0
0.419966 -18.0698 20.1515 16 1
28.8667 13.6144 21.5398 16 1
-21.04 -26.0091 19.8682 16 1
-20.9003 29.8359 20.6636 16 1
3.63001 3.75805 12.4373 16 0
-15.616 23.7461 21.6788 16 1
29.9433 -24.7259 21.1539 16 1
9.52062 4.25979 17.5523 16 0
-28.9964 8.80111 20.5126 16 1
-28.3508 24.5212 22.1653 16 1
-10.7235 -28.767 21.4873 16 1
5.27654 2.32385 13.133 16 0
4.45216 -27.9731 21.3387 16 1
8.23911 13.1484 19.0959 16 0
-29.9803 23.688 21.2701 16 1
28.7724 15.5124 21.8703 16 1
9.91252 20.0672 19.4575 16 0
3.10427 2.42928 10.3185 16 0
-23.4605 -6.20533 21.3644 16 1
8.1618 5.42026 16.8757 16 0
10.2319 -28.9547 20.7484 16 1
0.0966203 2.74243 7.67871 16 0
10.4548 -1.84532 17.4416 16 1
8.21224 5.88472 16.2907 16 0
13.3112 7.0072 18.9695 16 0
4.71049 7.83487 16.0882 16 0
8.29171 6.5272 17.6847 16 0
-27.246 29.9222 21.0785 17 1
3.9577 2.93651 10.188 17 0
23.0467 -6.78008 20.2762 17 1
6.90135 10.0385 16.7059 17 0
2.43256 6.35888 14.6199 17 0
8.69748 11.2568 19.2108 17 0
-0.52025 -5.50949 13.2045 17 1
4.96406 14.8729 18.2328 17 0
2.71861 6.49681 14.7811 17 0
3.60146 3.74438 12.4681 17 0
-29.9966 -29.5224 21.6614 17 1
29.562 -4.04785 21.4091 17 1
-29.1657 -16.624 21.6428 17 1
-7.78657 -14.6463 19.9754 17 1
21.6107 24.8061 21.7181 17 1
-29.9915 12.6748 21.2059 17 1
8.92926 -1.09101 14.7225 17 0
29.6419 29.2434 21.9173 17 1
3.03647 4.72915 12.1604 17 0
26.452 21.4843 22.1797 17 1
-29.92 4.34772 21.2783 17 1
3.32406 3.68589 12.1489 17 0
-16.1602 -29.9375 20.4821 17 1
2.07093 -5.32617 12.5576 17 1
26.9919 -29.6251 21.492 17 1
2.92518 3.85135 10.5235 17 0
-29.9494 -7.91569 19.9925 17 1
-13.6756 18.6416 21.3752 17 1
9.78907 4.25809 17.1978 17 0
-29.9806 -11.7595 20.8158 17 1
8.52767 1.77898 16.2148 17 0
4.53845 4.28099 13.8832 17 0
16.657 -29.0686 21.3478 17 1
0.977327 3.44824 9.64927 17 0
-29.9478 -7.87373 20.1879 17 1
21.8139 -29.9441 20.6677 17 1
17.1699 -30 20.4695 17 1
27.2814 20.8342 21.3955 17 1
-18.0879 25.4847 21.547 17 1
-27.0632 22.8113 20.6709 17 1
-28.8044 12.4522 21.7484 17 1
4.15309 4.51337 13.5086 17 0
26.6849 -19.3628 21.9375 17 1
-29.629 -3.089 21.3396 17 1
-20.3016 30 21.1931 17 0
-24.4152 -15.8926 21.4328 17 1
-0.744448 29.6463 21.6908 17 1
9.63939 -29.9424 21.3255 17 1
5.00874 5.55801 14.7434 17 1
-18.9165 -26.1443 20.4121 17 1
2.97268 4.84858 11.5825 17 1
11.2725 4.87282 17.8754 17 1
-12.8786 11.6917 19.8091 17 1
-19.1466 -1.9703 19.1915 17 1
-3.5234 5.41738 14.3042 17 1
3.10255 9.51547 16.955 17 0
30 -28.1768 20.6004 17 1
-18.6299 29.9904 21.413 17 1
30 -1.4782 21.4277 17 0
-24.4007 20.7762 21.7797 17 1
-24.4941 6.99517 21.173 17 1
-24.629 -27.8683 21.6206 17 1
-13.134 -6.32344 19.0562 17 1
3.9705 2.85549 10.4797 17 0
3.23536 3.56919 11.9336 17 0
-29.9763 29.9785 19.9774 17 1
3.01293 5.76455 13.024 17 0
0.437147 1.49563 6.29136 17 0
3.51953 4.67253 13.4917 17 0
5.57063 2.71521 13.8215 17 0
15.0594 20.6975 20.8279 17 1
-19.0581 23.6747 21.176 17 1
27.5186 20.1343 21.7087 17 1
30 -2.07542 19.8612 17 0
6.74811 5.93062 15.5404 17 0
-10.7463 6.29822 18.4313 17 1
7.07244 29.9994 19.879 17 1
1.922 2.59247 9.02359 17 0
3.44989 4.803 13.3201 17 0
3.32341 3.09722 10.9927 17 0
8.78774 0.975362 15.1473 17 0
2.50591 4.11364 11.7127 17 0
5.57667 4.11694 14.2838 17 0
1.50671 30 21.432 17 0
4.17834 5.18059 13.38 17 0
-6.37986 -29.0651 21.3217 17 1
-11.7467 -5.79508 18.4429 17 1
5.60163 -2.62972 13.9072 17 0
-7.21811 1.7723 14.5428 17 0
-9.01277 -23.1854 20.1196 17 1
14.3786 -21.9343 21.127 17 1
9.19867 5.57023 17.602 17 0
-10.6329 -9.52064 19.6255 17 0
0.37817 2.97565 8.48952 17 0
2.88689 3.82818 10.7171 17 0
10.6197 6.83032 18.4807 17 0
4.7609 2.86347 12.1671 17 0
-15.3325 -6.19257 19.8577 17 1
3.24046 2.64484 10.8906 17 0
22.3412 -1.35886 21.3184 17 1
-6.8918 -25.9679 19.8628 17 1
3.28299 3.73584 11.9567 17 0
14.6923 1.38592 19.6627 17 0
11.3324 12.357 20.279 17 0
8.94495 -28.1877 20.4758 17 1
5.18945 5.85487 14.4683 17 0
7.58659 6.22648 17.025 17 0
2.43304 4.24045 12.0478 17 0
0.980537 -10.3633 16.9448 17 0
3.77318 8.44515 16.64 17 0
-10.1539 -16.2362 19.998 17 1
4.97691 2.71549 12.275 17 0
-4.00079 -7.97325 14.355 17 1
5.31174 4.3416 14.5076 17 0
-0.799031 4.48998 11.518 17 0
1.18402 -0.855126 4.78831 17 0
-2.16525 5.72513 13.11 17 0
30 30 19.9504 17 0
9.78123 4.82035 17.0745 17 0
0.983423 3.09581 7.60188 17 0
6.52129 7.3282 17.2421 18 0
1.71833 5.09735 12.0077 18 0
-0.138309 6.15124 12.4934 18 0
8.56609 9.40882 18.9948 18 0
2.23092 3.75792 10.85 18 0
10.0195 -7.26359 17.6693 18 1
-28.5501 29.4992 22.281 18 1
-19.0507 -29.9422 20.0203 18 1
27.2807 -0.0743484 20.8764 18 1
6.79724 -7.86236 16.518 18 0
15.0486 -2.81391 18.4647 18 1
7.05978 -1.91275 13.1698 18 0
3.61303 3.37709 12.3023 18 0
8.67037 1.22809 16.0788 18 0
-28.7841 -29.4128 21.9332 18 1
-29.9427 22.8395 20.5363 18 1
4.35417 4.33719 13.7636 18 0
-5.28337 29.6268 21.7994 18 1
13.8943 -23.3816 21.265 18 1
2.4282 8.11459 15.7529 18 1
20.5812 11.9205 21.0236 18 1
-1.71018 25.6808 21.4774 18 1
-29.8282 -11.3436 21.5396 18 1
-26.239 26.9466 20.9606 18 1
2.87077 5.53923 13.5732 18 0
2.9177 9.42146 16.7665 18 0
-0.614905 3.61894 10.3414 18 0
-24.9466 17.9231 19.9623 18 0
3.82606 2.47961 11.4563 18 0
28.8939 -29.917 20.3772 18 1
27.2988 17.4984 21.9927 18 1
18.5342 -26.3684 22.0714 18 1
30 -17.6149 21.4395 18 0
-8.16359 -28.7224 21.2373 18 1
29.944 17.1588 20.4694 18 1
2.41225 2.81609 10.0808 18 0
24.991 -20.563 21.4739 18 1
3.31875 3.36036 11.8736 18 0
11.6825 -6.40842 19.1447 18 1
8.94599 11.0856 17.5891 18 0
-17.2393 28.1037 20.9904 18 1
3.0375 4.94602 11.3114 18 0
11.3073 -4.47037 18.6223 18 1
15.6328 29.7593 21.81 18 1
30 29.991 19.9526 18 1
-20.1724 29.9995 20.5138 18 1
2.81442 3.79718 11.0589 18 0
3.9442 -9.40287 16.9276 18 1
6.42225 29.2794 21.8432 18 1
3.27093 4.78236 12.8682 18 0
-13.2457 12.3374 20.3913 18 1
23.919 -17.0346 19.8823 18 1
1.72598 1.21545 6.84723 18 0
22.6375 -6.16269 21.0558 18 1
9.84264 5.11647 16.6428 18 0
9.04958 1.19113 15.2891 18 0
1.66686 2.36583 8.87702 18 0
3.23343 3.72583 11.7868 18 0
3.97308 0.312361 9.98283 18 0
-28.5886 8.46043 22.0204 18 1
5.15888 -4.40816 14.1954 18 0
-23.8735 29.3725 21.6213 18 1
30 30 19.9504 18 0
-21.1007 29.4506 21.6694 18 1
2.40478 6.07387 13.744 18 0
5.3869 -10.766 18.354 18 1
-25.0621 6.88471 19.9026 18 1
11.0072 6.11038 16.9265 18 0
-0.409859 29.1108 21.43 18 1
7.03327 9.85854 16.8754 18 0
-29.9304 19.3696 21.4711 18 1
2.71455 3.93548 11.1289 18 0
2.55986 3.42161 11.3851 18 0
-27.0562 -27.9164 20.1724 18 1
2.18544 8.53887 16.2182 18 0
0.820019 29.9873 20.3941 18 1
8.94294 23.3055 20.7862 18 1
22.2761 -3.88162 20.5696 18 1
7.59861 25.9786 21.1907 18 1
-28.1029 -18.4258 21.5922 18 1
22.646 23.3124 21.907 18 1
-18.2378 -25.1056 20.9293 18 1
-9.64323 29.9241 21.3411 18 1
4.94466 24.3322 20.8711 18 1
14.8344 13.6436 20.6172 18 1
1.50077 5.08396 12.3334 18 0
2.45091 3.97302 11.3666 18 0
14.601 -2.0336 19.1416 18 1
2.97975 3.70681 11.0746 18 0
4.84635 4.43574 13.981 18 0
-7.81877 14.7821 19.4762 18 0
10.9889 25.9629 19.6686 18 0
-27.6887 13.1814 21.4355 18 1
-28.56 23.5952 22.1966 18 1
9.34661 6.30794 18.0295 18 0
4.96542 3.48817 13.2499 18 0
6.13917 3.32983 14.186 18 0
2.11835 5.50389 13.1559 18 0
24.5067 6.97758 21.1782 18 0
-0.263997 2.41163 7.90109 18 0
29.9746 -12.5727 21.4707 18 1
29.7763 29.3246 21.798 18 1
5.20921 4.38652 14.3064 18 0
-30 18.4778 21.5763 18 0
3.40652 3.6587 12.3528 18 0
3.7848 3.6613 12.3653 18 0
5.87509 1.17505 12.3599 18 0
-0.0378323 -7.50112 14.8089 18 0
2.51351 13.7546 19.3333 18 1
3.96936 -18.1079 18.8531 18 1
3.50007 1.62759 10.7033 18 0
-29.5368 23.6647 22.1474 18 1
1.52219 6.39359 14.4113 18 0
12.7062 2.6762 18.8322 18 0
12.468 29.7917 21.8132 18 1
5.03132 2.83428 11.7782 18 0
29.2014 24.7457 21.4827 18 1
6.81817 1.79192 13.9365 18 0
2.80724 5.22933 12.8064 18 0
15.4252 -29.9964 21.4932 18 1
5.89986 2.25073 13.0352 19 0
-8.8119 1.4121 16.2673 19 1
3.20934 2.76042 10.5549 19 0
15.9141 29.3159 21.2836 19 1
7.70039 -2.24224 15.4059 19 1
13.4011 -4.69492 19.4714 19 1
26.5109 -18.7144 21.9716 19 1
5.05996 4.71289 13.7781 19 0
4.73147 13.6031 19.4761 19 0
29.4519 -21.3704 22.1616 19 1
-29.2276 -29.8783 21.1252 19 1
-5.57197 -29.9348 21.4396 19 1
-26.1634 8.85929 20.5373 19 1
9.09515 2.09202 15.0768 19 0
24.5336 -15.411 21.9845 19 1
2.78951 3.53787 11.4468 19 0
-28.1599 -28.3336 21.6304 19 1
-19.6812 24.3516 21.8775 19 1
11.9517 25.2021 20.4624 19 1
30 26.8061 20.6916 19 1
8.44137 1.13807 15.8553 19 0
-17.8278 -6.72094 20.2119 19 1
3.13424 3.52182 11.6009 19 0
-11.5732 20.0857 20.9831 19 1
-1.8307 28.5437 21.5803 19 1
-24.1412 26.2052 21.0126 19 1
8.60291 2.76998 16.4329 19 0
14.5501 -11.448 20.8725 19 1
4.45195 5.21993 14.4569 19 0
3.10357 3.03534 9.46961 19 0
23.2349 -26.3229 21.7381 19 1
6.92907 28.8162 20.4941 19 1
-27.2454 22.5625 21.9446 19 1
-2.59732 29.9934 21.3408 19 1
-29.0374 -24.3779 21.4899 19 1
15.3559 -21.2986 21.5984 19 1
-6.60784 -29.7006 21.8663 19 1
-8.16272 -28.6713 21.3995 19 1
30 -24.0362 19.9476 19 0
25.0765 -22.2941 21.1857 19 1
20.1431 -29.4104 21.6945 19 1
-26.1846 -0.0139008 20.2162 19 1
4.38972 3.61044 13.3024 19 0
-0.158966 5.19095 11.5516 19 0
-19.4104 30 21.5103 19 0
-27.9439 29.9009 20.2569 19 1
11.7572 -13.1636 19.7456 19 1
3.21871 3.85653 11.3856 19 0
22.2605 -28.7258 21.704 19 1
8.54165 19.1148 20.7847 19 1
-4.50927 -0.325098 11.6821 19 1
3.99365 3.86088 11.3296 19 0
4.26968 29.3306 21.6782 19 1
-20.474 -18.7039 21.7929 19 1
2.7204 4.33472 12.3123 19 0
-17.4376 -7.54729 20.9662 19 1
17.7605 -20.028 20.5736 19 1
-29.9854 26.4463 21.6218 19 1
21.2736 28.0509 21.0875 19 1
3.00023 3.77451 10.8249 19 0
3.21598 3.86336 11.3525 19 0
29.6493 -25.94 21.4579 19 1
2.62688 3.95007 11.3585 19 0
-10.2041 -21.1302 20.3717 19 1
15.5672 27.9863 21.4594 19 1
10.8836 9.06493 17.7241 19 0
-29.3597 -21.9245 21.4707 19 1
-8.02085 20.0943 19.2946 19 1
29.7646 29.8375 21.3076 19 1
-28.2371 -28.7146 21.7185 19 0
15.215 27.9108 20.7919 19 1
4.09796 3.68556 12.3098 19 0
2.90026 3.77637 10.8906 19 0
2.94285 3.71357 11.0593 19 0
0.131338 23.0433 19.6772 19 1
-1.96116 6.52067 14.0937 19 1
6.54822 6.13399 16.2297 19 0
7.12695 4.54522 15.7894 19 0
8.04344 6.46286 17.0749 19 0
2.8503 3.16312 10.025 19 0
13.419 26.5195 22.0259 19 1
2.53585 -2.13326 9.34281 19 0
-0.596254 2.65984 8.60919 19 0
30 -12.3473 21.2774 19 0
17.5902 -1.26528 20.4416 19 0
3.2735 2.58764 11.0262 19 0
-8.19636 -20.8703 20.2166 19 1
1.43231 2.10099 7.81062 19 0
3.60681 2.70293 11.5608 19 0
4.92891 3.441 13.1859 19 0
2.80286 3.68988 11.3538 19 0
4.77446 3.27312 12.8935 19 0
-30 -6.85996 20.1933 19 0
5.01987 2.92288 11.3665 19 0
3.31448 9.37947 17.249 19 0
29.3935 29.9986 21.5518 19 1
4.55608 4.74588 14.2129 19 0
-1.67844 -19.9229 20.2825 19 0
7.5861 5.24501 16.6293 19 0
-29.9921 -10.9958 19.7839 19 1
-25.976 -22.5873 21.4946 19 1
-1.47605 3.24602 10.0219 19 0
5.72918 18.7778 20.4513 19 1
5.10152 3.30823 13.0045 19 0
-28.7516 -18.6209 21.8614 19 1
2.22665 7.31764 15.0626 19 0
10.3723 11.2859 19.798 19 0
-9.39575 12.2488 19.7895 19 1
3.33064 3.11329 11.0769 19 0
-12.3892 -13.2483 20.4951 19 0
2.82904 6.27869 14.0061 19 0
11.8784 3.55501 18.3586 19 0
3.50038 4.72603 13.4496 19 0
2.38273 4.51553 12.5833 19 0
1.43035 1.8509 7.49648 19 0
3.099 3.49109 11.4718 19 0
29.0328 -26.6418 21.4508 19 1
0.760173 4.18106 10.4793 19 0
15.8336 21.5828 21.4316 19 0
-14.8911 25.5149 21.5163 19 1
3.28187 2.9468 10.548 20 0
3.05225 2.75581 9.90297 20 0
8.55607 1.5803 16.4715 20 0
-22.895 0.703726 20.6483 20 1
5.66379 10.649 18.5111 20 0
1.09794 4.45766 11.341 20 0
9.01978 0.658536 15.9004 20 0
-20.8779 28.7679 21.071 20 1
28.4709 17.6513 22.0857 20 1
5.59326 -12.5879 19.4364 20 1
-29.6011 -30 21.5643 20 1
10.4077 9.51198 19.5955 20 0
6.82952 6.0455 15.1593 20 0
3.38871 4.57185 13.3398 20 0
6.27747 4.09734 14.4082 20 0
-16.584 -20.2401 21.5544 20 1
-24.8486 7.48126 21.395 20 1
10.782 29.7757 21.2936 20 1
2.96701 4.31767 11.8572 20 0
21.7857 27.4639 21.8911 20 1
-28.5036 18.5096 22.1865 20 1
-23.1854 -29.6687 21.667 20 1
3.07927 5.3448 13.1868 20 0
3.62442 3.62837 12.5383 20 0
6.93441 -6.77156 15.9481 20 0
-10.0395 13.6415 19.7106 20 1
3.2226 4.39419 12.7289 20 0
-2.00696 -15.2745 18.9283 20 1
29.6809 -22.0726 21.3419 20 1
-21.1769 -7.55145 21.1093 20 1
30 30 19.9504 20 0
12.7674 -25.0671 20.6775 20 1
24.3291 -27.5283 22.1258 20 1
19.3425 -15.4717 21.6515 20 1
4.19685 0.266193 10.5642 20 0
21.9797 -28.4699 21.5898 20 1
21.4978 28.5841 22.1973 20 1
29.6143 -5.76629 21.7154 20 1
-22.9169 17.2063 20.6042 20 1
29.8354 -13.9192 20.5293 20 1
2.70697 4.01934 11.2023 20 0
-29.9513 17.0626 20.0091 20 1
10.275 29.9899 20.9692 20 1
-5.96274 -28.2843 20.9215 20 1
3.65189 3.49736 12.481 20 0
3.61485 4.13373 12.5598 20 0
11.4786 5.21378 18.6734 20 0
-29.9032 -13.5699 21.5673 20 1
-8.02337 -28.5355 21.4089 20 1
1.12518 4.76616 11.2149 20 0
2.88518 4.55668 12.4794 20 0
5.81936 -0.297785 12.8801 20 0
-30 30 19.9504 20 0
-5.83814 30 20.3082 20 0
-16.2584 -23.2823 21.4773 20 1
1.5294 5.55648 13.483 20 0
-28.7861 -13.8415 21.031 20 1
3.22038 3.97499 11.2197 20 0
3.26464 9.5184 17.3176 20 0
-4.86601 27.3977 21.3924 20 1
4.13801 4.39399 13.2678 20 0
-5.19323 29.8725 20.7574 20 1
7.78263 -9.72977 18.2452 20 1
13.8352 2.2353 18.611 20 1
-24.1658 -14.6967 21.2597 20 1
30 -29.812 20.6743 20 1
-10.503 10.1725 19.4226 20 1
5.37824 2.53177 13.6627 20 0
23.735 -29.9085 21.1763 20 1
-7.37922 -29.9025 21.4143 20 1
30 -21.0819 20.0584 20 0
-4.90335 -6.86722 14.5446 20 1
2.73322 3.85573 11.1763 20 0
6.46577 8.32703 17.7289 20 0
4.31542 3.34454 12.8587 20 0
-29.6636 -28.6169 22.1265 20 1
4.21141 4.61276 13.6788 20 0
2.97803 4.36866 12.0805 20 0
17.5666 -15.0061 20.9124 20 1
3.95327 4.84729 12.3103 20 0
-21.4938 29.9987 21.6097 20 1
3.02468 3.7621 10.9107 20 0
15.0575 30 19.9127 20 0
28.6465 -6.12818 21.3561 20 1
11.8576 -1.64667 18.0283 20 1
26.199 9.46635 21.6111 20 1
-1.52694 23.9548 21.06 20 1
-2.52035 13.9698 19.0368 20 1
3.00259 8.22135 15.1148 20 0
-29.7697 29.2981 21.7473 20 1
30 30 19.9504 20 0
-23.2273 18.7205 21.4451 20 1
8.4627 6.16134 17.3664 20 0
3.96824 3.19056 11.025 20 0
-15.8673 27.2285 20.9895 20 1
6.20451 9.00582 16.5612 20 0
-18.9585 29.4239 21.5367 20 1
5.62002 5.12048 14.8948 20 0
3.44353 3.32043 12.0454 20 0
-0.752373 4.63798 11.6985 20 0
2.93608 3.96714 10.1818 20 0
4.27284 -10.038 16.9295 20 0
-10.2437 17.2255 20.4415 20 0
-14.8343 -6.82001 19.1381 20 1
7.16881 5.53742 16.3784 20 0
11.3912 3.89348 18.0691 20 0
29.6119 10.9542 21.3852 20 1
-7.06754 -20.4334 20.7796 20 0
2.69555 4.90079 12.3814 20 0
1.24204 4.14185 10.4639 20 0
11.1254 -29.751 21.0671 20 1
29.8851 7.09838 20.2712 20 1
26.4243 20.3295 22.0344 20 1
30 30 19.9504 20 0
-17.1213 2.4519 20.0947 20 1
3.78298 5.11286 12.9628 20 0
29.8843 -15.8778 20.4694 20 1
4.51493 2.99027 12.4182 20 0
26.8922 10.2461 20.8822 20 1
0.917345 5.02404 10.4747 20 0
4.40646 4.68664 14.1223 21 0
8.57988 1.22781 16.1559 21 0
17.3669 14.1889 21.017 21 1
3.14516 4.41985 12.5553 21 0
2.74031 4.84387 12.3335 21 0
-17.9362 29.9997 19.9629 21 1
9.28676 5.5274 17.8356 21 0
4.53715 13.5611 19.6846 21 0
5.52111 3.41132 14.332 21 0
-29.9121 -25.0881 20.2964 21 1
-21.4523 -9.77172 21.3412 21 1
-0.756505 5.24035 12.2074 21 0
3.05277 9.46296 16.8304 21 0
-1.73951 1.78525 7.57984 21 0
2.71402 2.49163 10.2976 21 0
-29.3363 -22.3962 22.0908 21 1
6.66794 1.68408 14.5172 21 0
9.39872 10.5726 19.5862 21 0
9.04371 29.7162 21.0148 21 1
2.85931 4.12122 10.9075 21 0
3.4689 3.65606 12.4487 21 0
13.213 29.113 20.8616 21 1
3.22662 4.20196 12.0154 21 0
29.9641 27.7215 21.1666 21 1
9.00376 0.335027 15.8473 21 0
-29.5932 29.26 22.0238 21 1
28.7746 -29.989 20.8839 21 1
2.78663 4.0943 11.0937 21 0
2.46011 3.9418 11.3687 21 0
26.2447 29.4324 21.9978 21 1
16.8804 -28.6113 21.5531 21 1
25.7615 -4.80762 20.9894 21 1
-23.1743 -14.0753 20.3241 21 1
2.71649 4.23434 11.9536 21 0
4.02082 6.86837 13.9256 21 0
0.860093 4.00301 9.24158 21 0
30 -10.8294 20.4042 21 0
-29.2149 23.8697 21.0524 21 1
3.03332 6.46955 14.4394 21 0
27.0059 18.0033 19.7982 21 1
8.28292 -24.5306 21.652 21 1
30 -27.1026 20.1937 21 0
-22.0967 30 20.1299 21 0
26.1403 25.661 21.5514 21 1
-26.303 29.4345 22.106 21 1
14.6995 -10.7427 20.3587 21 1
-9.13535 13.2773 19.394 21 1
2.87346 3.91402 10.4743 21 0
15.3881 5.74443 20.0874 21 1
-7.94127 -28.6239 21.3019 21 1
29.9994 -29.7903 20.7992 21 1
2.55532 4.16446 11.8893 21 0
25.4429 20.0102 21.4814 21 1
-29.4283 -20.3869 22.1554 21 1
-27.8884 29.5467 21.7464 21 1
-29.2221 -16.6997 21.6131 21 1
4.93993 3.75971 12.7645 21 0
8.86257 29.9952 20.1973 21 1
29.7323 29.8388 21.4338 21 1
-28.2551 24.9416 21.052 21 1
-7.96251 -16.2547 19.5696 21 0
3.96165 3.61328 12.2361 21 0
3.32673 3.64975 12.1799 21 0
-29.9135 29.8952 20.3893 21 1
25.1363 27.8225 20.8895 21 1
-28.7561 18.0565 20.9249 21 1
4.37219 0.186377 11.0889 21 0
-17.8639 2.16378 19.3518 21 1
7.89416 -4.69364 16.0151 21 1
5.75819 -28.1587 21.0288 21 1
3.40403 3.54274 12.3259 21 0
3.50373 12.5648 19.1736 21 1
-21.898 29.109 20.4035 21 1
29.7683 27.218 21.4814 21 1
20.6474 -3.94009 20.5161 21 0
5.75736 4.49715 14.9799 21 0
2.77809 4.29065 12.049 21 0
29.7317 -25.2205 21.6024 21 1
0.645717 4.43357 11.6381 21 0
-20.9338 -18.2293 20.6378 21 1
-5.61884 29.6745 21.8876 21 1
2.04557 4.19391 10.4604 21 0
3.47147 3.46833 12.3521 21 0
3.72468 2.45354 11.5022 21 0
-8.123 22.6192 21.0583 21 1
3.00935 4.11964 10.6242 21 0
30 21.1289 20.2795 21 1
-30 -30 19.9504 21 0
16.2001 29.9996 20.6337 21 1
26.1751 -19.7258 21.3615 21 1
-29.9978 -26.9774 19.9472 21 1
23.3411 -27.4226 22.1052 21 1
3.1454 4.64008 12.6794 21 0
16.7807 7.73933 20.1881 21 1
9.36458 2.08117 16.4553 21 1
12.3374 3.01712 18.1332 21 0
3.54898 4.59172 13.5077 21 0
-26.3062 16.2148 21.5267 21 1
3.0938 3.08262 9.59488 21 0
20.438 24.2214 21.8034 21 1
4.08057 2.87024 10.6597 21 0
-17.6698 19.491 21.7571 21 1
-29.2868 25.8174 21.5431 21 1
-10.9577 4.13826 16.6646 21 1
2.18119 4.41548 11.9503 21 0
3.04989 3.80624 10.7715 21 0
26.2317 3.67893 21.3926 21 1
-8.59735 -30 21.3811 21 0
22.7891 -28.4096 21.8614 21 1
26.876 30 20.2978 21 0
7.90626 6.8523 16.1186 21 0
4.08939 2.15769 10.3098 21 0
3.48091 5.07315 13.3872 21 0
7.52757 29.997 21.4588 21 1
4.94093 2.86268 11.5936 21 0
3.26864 3.82727 11.7118 21 0
-0.983183 0.587094 4.63579 21 0
-29.1408 29.9997 20.4011 21 1
11.0023 14.9435 18.6337 21 0
2.77167 4.23257 11.8089 21 0
5.16552 5.31935 14.6667 22 0
-29.7504 17.966 20.9396 22 1
-26.9654 -29.8088 20.6983 22 1
-3.41093 29.3939 21.9719 22 1
-29.9958 29.8236 20.6073 22 1
2.83921 3.76145 11.0958 22 0
24.6061 18.1688 21.592 22 1
2.58607 4.12623 11.7483 22 0
8.66462 5.99445 16.9344 22 0
0.304082 4.95426 11.4387 22 0
4.78111 7.68445 16.255 22 0
-25.2478 7.47058 21.6194 22 1
9.8664 10.1102 17.9538 22 0
3.75581 3.33828 12.109 22 0
2.77033 3.72842 11.353 22 0
2.01206 5.94111 11.857 22 0
2.0871 3.96588 9.60859 22 0
14.2303 -21.0026 20.4113 22 1
-2.28065 -28.5979 21.7682 22 1
2.9273 3.8136 10.6821 22 0
5.13994 5.82312 14.3334 22 0
-26.4999 0.68725 21.7469 22 1
3.526 3.80992 12.3861 22 0
-21.657 -29.1496 21.5812 22 1
-25.9721 23.671 21.29 22 1
-29.42 29.992 21.6026 22 1
3.90232 -12.4036 18.5407 22 1
-7.40499 -15.8051 20.2401 22 1
3.69911 2.94981 11.1003 22 0
8.50585 24.9849 21.2416 22 1
-15.8055 4.69818 19.7651 22 1
9.04757 1.17106 15.1681 22 0
-26.5318 5.49664 21.9133 22 1
2.8925 4.0206 10.3656 22 0
-11.9768 22.3599 20.9722 22 1
-13.0364 -23.1786 20.2317 22 1
5.00896 2.18898 11.5001 22 0
1.10763 -29.9998 19.9967 22 1
-25.0712 27.1825 20.6829 22 1
7.20283 -8.11866 16.7378 22 0
-28.5287 27.7204 22.0888 22 1
28.8211 28.1186 20.8584 22 1
29.7269 -25.7533 21.7015 22 1
-8.00035 6.04617 15.2131 22 1
4.7276 3.33212 13.1633 22 0
22.3649 27.6404 22.0643 22 1
21.3104 7.50835 21.3948 22 1
30 -16.6842 21.2139 22 0
2.43217 3.89258 11.331 22 0
1.25194 -12.6121 18.708 22 1
9.7679 -5.32326 17.7237 22 1
4.66732 9.50549 17.7715 22 0
2.87868 3.86229 10.613 22 0
-8.32899 29.6641 21.8525 22 1
-3.00131 -7.95328 14.0468 22 1
2.96808 3.73458 10.9762 22 0
3.17144 9.41043 16.9776 22 0
-22.8807 28.5645 21.6944 22 1
29.7197 -16.4332 21.9779 22 1
6.99158 29.9095 19.9478 22 1
8.49542 1.30102 16.2685 22 0
3.01055 4.63252 12.3859 22 0
28.934 -25.797 20.8069 22 1
-22.6106 13.6837 21.6857 22 1
-29.3982 -19.5815 22.1499 22 1
2.87629 3.88166 10.555 22 0
30 2.61336 21.3062 22 1
-30 30 19.9504 22 0
3.03402 4.03586 10.2714 22 0
-14.8774 20.7194 20.8746 22 0
-27.5671 -29.7678 21.9838 22 1
9.25642 27.679 21.6059 22 1
2.36533 6.95715 14.4811 22 0
4.26413 3.87159 12.5093 22 0
3.03587 3.86861 10.4561 22 0
2.95207 3.43237 11.1528 22 0
3.22741 3.45647 11.8084 22 0
10.9045 29.8585 20.4247 22 1
30 30 19.9504 22 0
30 30 19.9504 22 0
29.9174 2.14871 20.3527 22 1
3.67064 3.65597 12.5098 22 0
2.96613 3.97295 10.1297 22 0
3.14999 4.62398 12.7127 22 0
16.0774 29.8513 20.4589 22 1
-29.7427 18.353 21.8526 22 1
13.4084 3.1726 19.0383 22 1
3.82742 3.14964 11.0999 22 0
11.6807 4.34687 18.6777 22 0
3.9511 3.5203 12.2748 22 0
4.65304 3.62247 13.5071 22 0
29.9894 24.8147 20.6299 22 1
-27.7548 27.5612 22.0005 22 1
-28.6702 30 21.3652 22 0
-22.928 -1.30107 20.602 22 1
2.82412 20.6887 20.6373 22 1
-19.8304 18.4587 21.4992 22 1
3.75755 3.68555 12.3765 22 0
16.1239 -29.8433 20.6711 22 1
-27.3292 28.5276 22.162 22 1
-26.4266 -25.6886 22.0798 22 1
25.3166 29.8977 21.4218 22 1
5.51702 2.57034 13.8743 22 0
8.51831 6.86195 17.6193 22 1
15.8041 9.10165 19.4364 22 0
4.48657 27.182 21.5644 22 1
2.95173 3.99971 10.1594 22 0
12.8585 4.62593 18.8586 22 0
3.00781 4.81863 11.7308 22 0
24.6234 30 21.4819 22 0
-1.15623 29.8444 20.6797 22 1
4.42738 2.47212 12.565 22 0
-2.35118 4.62775 12.5944 22 0
9.10614 -27.3752 21.3404 22 1
2.68122 4.24949 12.0789 22 0
-3.13257 0.52062 9.1015 22 1
3.52717 -13.5316 19.576 22 0
-24.8224 -24.3216 21.5691 22 0
3.10306 3.40672 11.3126 22 0
-29.0598 -29.9467 20.1104 22 1
4.41249 4.27261 13.7194 23 0
29.4828 -9.85825 21.6388 23 1
10.3014 9.64683 19.3695 23 0
5.84556 13.7264 19.0614 23 1
3.25784 3.72568 11.8816 23 0
-24.5774 -15.8009 21.6451 23 1
3.1288 3.79479 11.12 23 0
-6.70937 -15.0866 19.4303 23 1
29.5553 -24.2267 21.9562 23 1
3.05688 3.53251 11.409 23 0
-25.4693 14.2465 21.7767 23 1
-23.7675 29.8111 21.353 23 1
3.23409 9.46922 17.2167 23 0
2.92916 -18.1278 19.0058 23 1
5.44094 25.8411 21.418 23 1
8.53226 6.10528 17.2733 23 0
7.74001 1.11758 14.6978 23 0
1.95665 5.03763 10.7731 23 0
-27.8255 -23.9501 20.5851 23 1
2.42011 3.64901 11.4715 23 0
14.9292 -2.43954 19.3765 23 1
24.5843 12.0009 21.2297 23 1
2.7556 3.78066 11.278 23 0
22.9921 -6.43812 20.9977 23 1
-4.2252 -11.0949 17.3525 23 1
3.87402 -20.3442 20.5739 23 1
18.8594 13.4506 21.1096 23 1
4.14039 16.4942 20.0793 23 0
3.93553 4.07685 11.2785 23 0
1.64277 5.49075 13.3814 23 0
-29.2358 -24.5981 21.9329 23 1
-8.83739 -21.0356 19.8108 23 1
2.05738 4.4135 11.6325 23 0
15.9694 25.6747 21.1394 23 1
29.8556 28.8469 20.851 23 1
29.5186 -21.4046 22.2003 23 1
-2.23142 29.9696 20.7013 23 1
-5.1756 26.6876 21.2555 23 1
2.96177 3.866 10.4067 23 0
-20.7856 -24.3622 21.6944 23 1
29.7577 -16.1188 21.0727 23 1
27.9545 -25.4467 21.6154 23 1
-13.9722 21.1261 19.8375 23 1
0.72161 6.60501 14.2865 23 0
-26.1786 -26.4415 21.8355 23 1
3.00005 4.06866 10.3369 23 0
5.58879 -28.6279 21.9326 23 1
12.1035 19.4679 21.0244 23 0
-14.3807 -29.1275 21.5339 23 1
28.1409 17.3834 21.5859 23 1
8.56171 1.42573 16.4549 23 0
27.4821 25.2084 21.9235 23 1
-30 -20.6414 21.3995 23 0
-4.06409 -29.9089 20.0267 23 1
-0.622154 -14.2293 19.3053 23 1
9.04895 1.20664 15.3762 23 0
26.8974 -9.69634 21.1036 23 1
-15.597 5.83591 19.9624 23 1
-9.68331 18.0469 20.2973 23 1
-23.5345 -13.4427 21.901 23 1
2.80966 4.51966 12.5645 23 0
-29.9806 -29.5194 21.6662 23 1
-17.4499 -27.6239 22.086 23 1
-9.96559 24.8372 20.1493 23 1
21.1944 29.8441 21.0373 23 1
3.08926 4.75519 12.1969 23 0
-24.0687 -28.4944 21.6604 23 1
30 -30 19.9504 23 0
1.41667 4.54786 12.1191 23 0
23.249 -20.9509 20.8635 23 1
3.33695 3.63963 12.2096 23 0
-19.1754 30 20.5214 23 0
26.7482 -29.8875 21.1951 23 1
2.92775 4.50784 12.4153 23 0
3.60915 3.99044 12.2548 23 0
27.7156 -8.94552 20.9541 23 0
3.33228 4.42809 13.0862 23 0
3.66413 3.94231 12.1413 23 0
-29.9996 20.8135 20.6018 23 1
22.2738 -3.34972 21.1987 23 1
2.93837 4.76088 12.0083 23 0
30 -8.39609 21.3658 23 0
-21.7306 28.9284 21.1222 23 1
4.17185 3.50561 12.6958 23 0
2.75147 4.51323 12.6372 23 0
3.80234 1.71812 10.5687 23 0
-2.36858 0.0472398 7.26273 23 0
29.7328 -29.1054 21.2573 23 1
2.57361 3.58503 11.5879 23 0
20.1303 -11.6594 20.8985 23 1
3.00832 3.93247 10.19 23 0
2.94906 3.76809 10.8512 23 0
-30 -9.48779 21.4832 23 0
30 -27.202 20.7405 23 1
3.6032 3.52358 12.5027 23 0
-22.9046 -18.4858 21.4886 23 1
-10.1452 -29.8969 20.465 23 1
9.18214 -24.3468 21.2896 23 1
28.2972 -19.4344 22.0159 23 1
-22.526 -29.8837 21.7316 23 1
3.49103 3.11023 11.502 23 0
3.25615 3.791 11.7392 23 0
2.92195 3.93775 10.2536 23 0
3.38812 2.22823 10.7161 23 0
26.7647 19.5599 21.8763 23 1
-26.1854 -5.95041 20.3089 23 1
3.05017 3.93122 10.29 23 0
-24.8012 29.2538 21.473 23 1
3.07541 3.7888 10.9274 23 0
-9.16927 6.71706 17.5599 23 0
1.95805 4.57515 11.786 23 0
2.71486 4.23442 11.9575 23 0
30 30 19.9504 23 0
-22.7653 -24.0277 20.8163 23 0
3.04839 3.92974 10.2875 23 0
1.44506 5.78574 13.4148 23 0
11.9081 4.14777 17.3054 23 0
-12.8381 -19.7917 20.5265 23 1
7.69842 6.64941 17.3385 23 0
1.99499 4.53116 11.7788 23 0
3.39496 3.62461 12.3371 24 0
3.38154 8.39513 16.691 24 0
25.4925 -0.411003 21.7777 24 1
3.16222 3.91636 10.901 24 0
9.95678 9.99574 17.3303 24 0
-14.6452 -26.9816 21.2477 24 1
9.02611 0.768264 15.4295 24 0
4.21966 3.48729 12.8287 24 0
3.0056 4.0104 10.1586 24 0
19.347 29.9038 21.455 24 1
-22.7257 28.7048 21.7998 24 1
8.92527 5.80762 16.4176 24 0
24.8823 29.6591 21.5304 24 1
30 -24.2067 20.7469 24 0
-29.983 17.1054 20.1278 24 1
29.936 -11.211 20.7123 24 1
-0.174925 11.9588 16.998 24 1
-17.6213 30 21.4241 24 0
3.12659 4.1473 11.2066 24 0
-9.87489 29.2654 21.1083 24 1
10.9874 -29.6398 21.2933 24 1
18.5172 26.5918 22.1137 24 1
3.23038 3.82941 11.5199 24 0
-17.9034 -19.2344 20.6483 24 1
2.32508 2.67132 9.96934 24 0
-11.874 29.2928 21.245 24 1
3.05042 4.00163 10.2496 24 0
3.95825 3.54655 12.282 24 0
-14.8952 22.0188 19.8122 24 1
4.02773 4.59671 13.2061 24 0
3.76897 3.98266 11.7639 24 0
-29.0686 -28.3524 21.4871 24 1
-15.7085 11.3778 20.8172 24 1
-16.3104 -25.2766 21.6697 24 1
3.04588 3.96688 10.2246 24 0
2.98605 4.17617 10.9838 24 0
3.06468 4.02287 10.34 24 0
0.476074 -1.3473 5.91995 24 1
7.87275 -12.9336 18.1302 24 0
-20.6976 -29.451 22.067 24 1
8.55004 1.27179 16.2476 24 0
-15.3468 13.813 20.7283 24 1
26.6234 -21.8774 21.5635 24 1
-1.01717 -29.2967 20.9788 24 1
5.83065 3.5424 14.3105 24 0
-24.6324 4.85558 21.1725 24 1
3.35814 3.64334 12.2584 24 0
3.45809 3.25224 11.8852 24 0
-29.2042 -29.4168 21.9142 24 1
3.15373 9.46908 17.0289 24 0
-26.1672 20.251 21.2544 24 1
4.31543 3.27691 12.6709 24 0
20.9931 23.1296 20.1541 24 1
1.06142 -15.4966 19.5309 24 1
12.0231 3.67059 18.0469 24 0
-29.7853 -8.8715 20.8942 24 1
25.2849 26.5981 22.0103 24 1
19.7016 -14.1381 20.8809 24 1
4.41269 2.86667 12.3037 24 0
19.5016 -11.9738 20.9388 24 1
5.98166 2.36271 13.477 24 0
9.96867 -26.9318 19.8005 24 1
7.51336 -6.94358 17.0408 24 1
1.31525 2.95385 8.73528 24 0
14.8159 5.26183 19.3755 24 0
29.9932 -23.0699 20.0322 24 1
28.4748 21.7872 21.9074 24 1
-6.40294 16.1188 20.0391 24 1
3.50248 4.24022 12.9043 24 0
-8.08606 -4.57584 16.3586 24 1
18.808 29.4014 21.7793 24 1
-26.6334 11.2752 21.722 24 1
-29.881 15.0043 20.1631 24 1
-28.2173 4.64541 21.5518 24 1
2.75501 4.36688 12.3554 24 0
28.3681 2.38889 21.8751 24 1
2.19099 4.29847 11.5776 24 0
-11.2 0.361723 17.7731 24 1
-1.19681 5.75857 12.8025 24 0
-28.1215 6.49713 21.5102 24 1
3.03232 4.5108 12.4547 24 0
-12.4596 -29.2393 21.8576 24 1
8.35992 -14.5957 20.3834 24 1
3.25952 3.90731 11.5058 24 0
2.76523 3.76575 11.2866 24 0
3.14579 3.88954 10.869 24 0
-25.375 28.1183 21.6093 24 0
-8.03279 -10.7285 18.1878 24 1
-29.9717 -27.05 20.0203 24 1
3.20607 6.72265 14.6906 24 0
29.7799 27.0384 20.8667 24 1
1.91776 -20.0266 19.027 24 0
2.99467 3.98063 10.1233 24 0
-6.09244 18.1937 19.5857 24 1
30 30 19.9504 24 0
2.9927 3.98586 10.1235 24 0
2.36166 4.27496 12.0239 24 0
-30 25.3576 21.4352 24 0
-29.9383 27.5437 21.673 24 1
3.60085 3.36119 12.2683 24 0
30 30 19.9504 24 0
26.3597 22.8276 21.6541 24 1
-7.40826 -5.42784 16.8416 24 1
2.98571 3.98854 10.1228 24 0
3.07008 4.59192 12.5269 24 0
-6.42952 14.1231 19.5798 24 1
2.747 4.33374 12.2673 24 0
30 -15.6248 21.3937 24 1
30 8.67543 21.1613 24 0
-21.0187 -29.7234 21.09 24 1
11.3627 -22.3061 21.5304 24 1
-10.0586 -22.1454 19.9129 24 0
-21.2074 27.7175 21.5432 24 1
3.02741 4.13531 10.7535 24 0
17.717 29.8551 21.3448 24 1
-12.3819 -12.2068 20.2166 24 1
3.35198 3.75748 12.1468 24 0
30 30 19.9504 24 0
1.76188 5.98861 12.7367 24 0
-1.48594 4.87651 12.1241 24 0
9.962 -0.0668564 15.2639 25 0
9.82673 10.1387 18.2633 25 0
2.71625 3.47762 11.4542 25 0
-29.1877 2.47325 21.6614 25 1
3.69021 3.43254 12.3846 25 0
-26.1499 -6.69907 21.1319 25 1
-5.47619 -9.30259 17.8543 25 1
-1.86561 4.48706 11.8121 25 1
8.26411 29.7806 21.413 25 1
2.85384 4.04156 10.5876 25 0
-4.35768 -22.0509 20.7102 25 1
3.02853 4.05409 10.3202 25 0
20.4204 19.9344 21.3452 25 1
9.02991 0.83691 15.0526 25 0
15.0973 -0.55571 19.4154 25 1
3.7893 3.9505 11.6774 25 0
2.91926 4.03592 10.3102 25 0
1.63566 7.34493 15.2747 25 0
-23.9177 25.826 20.6375 25 1
-22.4948 -19.5952 22.0227 25 1
3.66963 1.29542 10.5013 25 0
2.98646 4.0017 10.1342 25 0
3.18285 3.90183 11.0608 25 0
-29.3441 -9.55891 21.989 25 1
3.7141 1.72195 10.6895 25 0
-13.9981 -5.49018 19.3322 25 1
3.10583 4.0988 10.8278 25 0
-29.1148 -12.5522 21.5856 25 1
30 -12.1081 20.0792 25 0
-25.8623 22.1638 20.7668 25 1
11.7801 4.27805 18.3136 25 0
3.15864 23.8169 20.4405 25 0
3.15697 9.43779 16.9927 25 0
-29.8147 6.14756 20.8034 25 1
4.00483 3.52582 12.3078 25 0
-29.9793 13.5882 21.4548 25 1
-28.0783 -8.86901 20.2246 25 1
1.35271 29.5968 21.9242 25 1
2.65883 4.09434 11.5363 25 0
-15.8633 29.0245 20.26 25 1
1.28519 4.73086 11.8758 25 0
-28.2973 8.5816 21.8541 25 1
-24.1927 8.81041 20.7585 25 1
8.52536 1.35407 16.368 25 0
11.5926 -27.0438 21.3409 25 1
7.56651 -10.0757 18.3646 25 1
23.2118 -25.311 21.6284 25 1
25.8523 -1.78256 20.7124 25 1
-12.3123 29.4992 21.9994 25 1
2.94889 3.94239 10.1841 25 0
-14.4715 13.8835 20.6583 25 1
2.8996 4.08356 10.5604 25 0
24.9133 -29.9985 20.1094 25 1
2.99228 4.05504 10.2745 25 0
-24.4737 30 21.6277 25 0
-18.8988 -24.2243 20.8384 25 1
27.4378 30 21.6162 25 0
-5.51486 -2.32643 13.6573 25 1
1.35915 12.8844 18.4584 25 1
14.5148 28.9999 21.5123 25 0
8.78333 5.90769 16.5565 25 0
30 -26.3312 21.3562 25 0
0.987535 -21.7011 20.3766 25 1
2.62978 3.96388 11.3566 25 0
3.05838 4.56616 12.5153 25 0
18.3164 15.1068 20.8139 25 1
3.04372 6.90338 13.3975 25 0
3.59855 3.93143 12.2579 25 0
23.1864 -9.21764 20.7875 25 1
-27.483 22.325 22.0998 25 1
3.0688 3.7326 11.1291 25 0
28.0837 26.0441 20.1369 25 1
24.5161 -11.9519 21.3157 25 1
3.57824 3.38847 12.3169 25 0
2.67864 4.00497 11.2729 25 0
-19.9689 15.421 21.102 25 1
3.12638 4.02506 10.6644 25 0
30 -27.1214 20.2858 25 1
1.2875 4.85067 11.687 25 0
-15.4132 19.0162 21.0183 25 1
4.19151 8.90699 15.9314 25 1
-21.0665 -27.7432 21.0274 25 1
-4.54226 29.8518 21.6069 25 1
1.51463 22.2223 21.1985 25 1
-8.47802 -25.7574 21.6624 25 1
26.0251 -23.9152 20.0626 25 1
2.95865 3.94771 10.161 25 0
3.67164 3.31728 12.1414 25 0
-2.5782 -23.261 21.3662 25 1
-22.7081 -17.0453 20.9388 25 1
-14.2111 -8.34515 19.9219 25 1
-30 -30 19.9504 25 0
3.01984 4.01782 10.194 25 0
-12.5007 27.3675 22.0012 25 1
25.8709 -22.0501 20.2846 25 1
29.6679 -28.1931 21.7261 25 1
-30 5.10427 19.9969 25 0
-24.6064 -6.18876 21.3505 25 1
2.75208 4.18242 11.6294 25 0
4.38743 3.57101 13.2963 25 0
2.37771 5.3305 13.4096 25 0
3.66206 7.36045 15.9064 25 0
2.86578 4.30429 11.9129 25 0
29.7754 10.9284 20.7945 25 1
-17.889 -14.2431 20.4311 25 0
23.6119 29.9717 21.5106 25 1
6.90091 6.44962 16.5261 25 0
2.98591 4.00582 10.1396 25 0
28.7629 -24.0383 20.9262 25 1
30 -19.9061 20.0972 25 0
-5.28196 -0.861733 12.0855 25 0
21.6856 -20.344 21.7983 25 1
-2.09177 25.6511 21.0565 25 1
3.64372 4.36221 13.2352 25 0
21.0318 -4.07616 19.2073 25 1
3.01653 4.01309 10.1789 25 0
27.6294 -16.4888 22.0763 25 1
-18.1557 -30 20.3979 25 0
3.52205 3.33029 12.1629 25 0
1.71936 4.63661 12.1247 25 0
8.5548 1.34913 16.3753 26 0
-26.0144 -29.9515 19.9942 26 1
-1.81117 10.1007 16.2275 26 1
9.29349 -23.8495 21.0116 26 0
29.9646 -6.79312 20.5972 26 1
3.13307 3.94776 10.6679 26 0
-28.2217 26.0436 20.8626 26 1
2.9488 3.73191 10.9928 26 0
3.38541 3.82923 12.1389 26 0
29.9599 -28.2459 21.0154 26 1
3.17792 3.54767 11.7488 26 0
15.9291 -16.8393 19.9154 26 1
-12.401 -26.5871 21.968 26 1
2.90911 3.9538 10.2698 26 0
-12.4834 7.64361 19.7487 26 1
1.41277 21.707 21.2246 26 1
1.51189 5.13697 12.4981 26 0
2.97779 3.90652 10.2458 26 0
17.0573 -28.2342 20.8521 26 1
-4.50269 7.49622 16.5433 26 0
8.67028 5.99734 16.9182 26 0
-11.4741 -15.585 21.0259 26 1
3.75636 3.90296 11.8845 26 0
30 12.8707 20.195 26 0
-12.7856 -23.0157 20.3975 26 1
2.50528 4.20341 12.0062 26 0
9.42854 27.8835 21.4824 26 1
29.2833 16.318 21.811 26 1
-2.83058 12.9806 17.5697 26 1
2.95452 4.00318 10.1591 26 0
-16.8879 -29.9996 20.1514 26 1
3.1942 9.45342 17.1055 26 0
7.2343 -1.12203 14.1102 26 1
-24.4799 -29.9666 21.6412 26 1
11.9887 3.84817 17.1488 26 0
23.9102 25.9942 20.0682 26 1
2.94189 4.04825 10.292 26 0
20.1085 16.3756 21.1737 26 1
21.9266 -27.2944 21.2135 26 1
18.8674 18.0075 19.9117 26 1
30 30 19.9504 26 0
0.00268555 1.3431 4.92731 26 1
6.99052 1.8548 13.2898 26 0
9.04013 1.03411 14.55 26 0
-28.9716 10.0513 19.8284 26 1
26.2846 -0.492935 21.6878 26 1
-1.67454 -30 21.1206 26 0
-29.93 -1.5263 21.4695 26 1
-24.3653 -9.18716 21.3449 26 1
-3.23866 -16.2293 19.6869 26 1
-22.3416 -28.1307 21.523 26 1
16.801 7.8861 19.5619 26 1
-29.886 -3.00291 20.0287 26 1
-7.64147 28.6378 21.8882 26 1
-28.9574 -15.0323 19.8769 26 1
-5.34832 -0.667946 12.8009 26 1
-22.0993 -3.11569 19.6864 26 1
30 14.0516 19.8852 26 1
30 -15.0712 19.9571 26 0
2.96835 3.92322 10.2018 26 0
5.66066 3.50326 14.4522 26 0
-11.8171 4.22596 18.005 26 1
2.60103 4.09783 11.6447 26 0
28.3537 29.9998 21.4426 26 1
16.9547 -12.3878 20.5878 26 1
2.82222 6.17029 13.4741 26 0
3.13535 3.92332 10.7218 26 0
16.5803 -25.9419 21.4314 26 1
2.91212 4.21762 11.3367 26 0
-29.7608 -19.096 21.0221 26 1
1.41195 6.10087 13.4912 26 0
0.152533 12.8296 17.7658 26 1
-29.9542 -2.17999 20.4339 26 1
0.451369 1.75681 6.60932 26 0
3.75243 4.03063 11.8931 26 0
2.91273 3.82165 10.6767 26 0
-1.06253 4.98019 10.3782 26 0
10.6076 -17.0158 20.4312 26 1
20.68 -25.4815 22.0335 26 1
-19.6168 30 21.4553 26 0
6.0567 -12.1381 17.574 26 1
3.00717 4.56331 12.4453 26 0
-6.58698 27.6079 21.9151 26 1
3.11835 4.11803 10.996 26 0
10.0285 9.93136 17.4248 26 0
-28.2352 28.9605 20.9519 26 1
-29.067 -18.2392 20.9292 26 1
-29.9736 28.9166 20.1382 26 1
-11.6287 -12.907 19.9297 26 1
-7.97609 29.5692 21.4135 26 1
10.2586 28.0217 20.827 26 1
2.46172 4.49766 12.6596 26 0
-5.34572 -22.4649 21.4922 26 1
-16.6962 25.1246 21.2301 26 1
-30 30 19.9504 26 0
8.93763 -0.749907 15.5058 26 1
2.98331 4.00898 10.1443 26 0
2.99286 3.99469 10.1288 26 0
3.72507 3.36333 12.2159 26 0
2.91481 3.908 10.3445 26 0
2.99024 3.99215 10.1259 26 0
9.84745 25.979 20.1369 26 1
2.99569 3.96454 10.1293 26 0
18.5449 14.1779 21.2115 26 1
-19.6635 17.0659 20.9944 26 1
3.44218 4.02271 12.2311 26 0
30 30 19.9504 26 0
-30 30 19.9504 26 0
1.66055 2.06273 7.74997 26 0
-29.9003 17.7675 20.9881 26 1
3.80524 4.24621 12.589 26 0
3.48836 3.47888 12.384 26 0
3.60885 3.34814 12.2403 26 0
2.91786 4.02718 10.291 26 0
30 30 19.9504 26 0
4.29734 3.14599 12.1305 26 0
3.94336 3.5025 12.2628 26 0
19.1308 6.58683 20.6578 26 0
-26.724 -26.6674 21.9028 26 0
2.98493 4.36204 12.057 26 0
3.50346 4.06021 12.3847 27 0
14.8791 -2.64258 19.307 27 0
6.84074 0.725712 13.9443 27 1
27.9752 -5.36401 21.1821 27 1
-0.0724945 -28.06 19.846 27 1
8.5373 1.31558 16.3199 27 0
-26.1766 -27.1688 21.027 27 1
-1.81764 -1.03776 5.84449 27 1
-19.1404 29.632 21.6017 27 1
5.21359 29.6798 21.5316 27 1
21.1825 12.627 21.2402 27 1
3.07103 2.09342 8.51389 27 1
2.50265 8.77769 16.556 27 0
-10.7755 9.78954 18.9416 27 1
3.0217 4.2638 11.5955 27 0
3.03122 3.95909 10.1892 27 0
3.01325 3.959 10.1532 27 0
3.08988 3.97414 10.4055 27 0
14.6141 -26.3645 21.9433 27 1
17.853 -8.76811 20.0868 27 1
-24.8953 -18.6942 21.2222 27 1
17.4531 29.8019 21.8396 27 1
-28.5341 18.7466 21.9513 27 1
-28.6704 -4.4638 21.9045 27 1
-24.9885 -3.52967 21.1472 27 1
3.29404 3.81709 11.8448 27 0
2.84552 3.83175 10.8392 27 0
9.03941 1.12545 14.893 27 0
8.10107 29.4225 21.4898 27 1
2.93341 3.94147 10.2173 27 0
-7.80576 -4.54105 16.4094 27 0
-18.753 30 20.9198 27 0
-2.35003 27.7138 21.661 27 1
-4.10551 17.8003 19.4755 27 1
-27.0198 -28.5986 21.5485 27 0
-18.8399 -29.9651 20.4554 27 1
10.0486 -23.4756 21.195 27 1
-11.5349 -0.0957031 17.8779 27 1
30 -16.8184 20.5333 27 1
3.17335 9.45999 17.0641 27 0
6.93187 6.44357 16.4871 27 0
29.9456 -4.5716 21.4215 27 1
-29.0811 -15.886 20.278 27 1
-12.6701 -29.7202 21.7948 27 1
3.61553 4.11584 12.5026 27 0
-26.7701 -28.0146 20.8825 27 1
7.66178 -3.4688 16.1596 27 1
13.0352 17.6836 20.4935 27 1
2.9641 3.98773 10.1331 27 0
29.7928 19.904 20.8681 27 1
-0.0576229 -27.2034 20.4473 27 1
24.9596 -3.92304 19.6309 27 1
11.8714 4.03928 17.0289 27 0
1.77053 5.27591 12.6309 27 0
10.0312 9.92424 17.4527 27 0
2.99645 4.53759 12.435 27 0
-8.6503 25.406 21.7764 27 1
-21.3696 -21.3732 21.9387 27 1
18.6476 -9.25923 20.9459 27 1
-27.1598 29.8593 20.8562 27 1
3.00599 4.0135 10.1645 27 0
-29.7674 -22.7109 21.6826 27 1
3.05573 4.05827 10.4169 27 0
30 -12.7563 20.8375 27 0
8.79957 5.90057 16.4997 27 0
2.96977 3.94825 10.1492 27 0
-29.802 23.012 20.6881 27 1
4.14364 -15.9186 18.657 27 1
22.6701 -19.8703 21.3289 27 1
2.98444 4.0005 10.1327 27 0
-9.04349 -4.19988 15.9466 27 1
3.7185 3.87731 12.0652 27 0
-6.77558 -29.8546 20.9844 27 1
-30 -16.9396 19.9417 27 0
-29.7585 16.9689 20.8836 27 1
-12.7405 16.3364 20.9005 27 1
29.9002 3.39981 21.434 27 1
-29.9387 18.7344 21.0694 27 1
28.9101 -6.53838 21.4771 27 1
-16.8126 -11.217 20.2284 27 1
9.81023 -16.3305 20.4223 27 1
3.83237 2.32401 11.0839 27 0
3.89784 1.47929 10.7182 27 0
3.02919 3.94206 10.2084 27 0
16.6976 13.9779 20.4028 27 1
30 30 19.9504 27 0
-20.7514 -5.96678 20.1363 27 1
1.05863 30 19.803 27 0
13.9971 29.8374 20.389 27 1
2.48022 4.20965 12.0063 27 0
-0.18574 5.61319 12.8467 27 0
3.08115 3.88575 10.545 27 0
3.37362 7.26389 15.6005 27 0
4.22555 8.20041 16.0344 27 0
3.73039 3.41707 12.3292 27 0
17.71 29.5935 21.9836 27 1
2.97163 3.97796 10.1245 27 0
2.89597 4.00675 10.3272 27 0
30 -12.9786 19.8157 27 0
2.99489 4.02023 10.1686 27 0
3.22844 4.30036 12.4536 27 0
13.3137 25.5839 21.8455 27 1
2.9655 4.02787 10.1932 27 0
-19.6663 29.9831 21.3136 27 1
2.41461 5.37858 13.5769 27 0
2.60307 3.97497 11.4044 27 0
-30 -25.3941 21.5286 27 0
6.57932 8.14114 17.2829 27 1
21.4039 -29.0588 21.5407 27 1
3.67358 3.3312 12.1778 27 0
3.04463 4.43169 12.3425 27 0
30 -30 19.9504 27 0
2.23399 4.3562 11.9386 27 0
3.41877 3.56361 12.3627 27 0
-27.6443 24.5557 22.1517 27 1
19.849 30 20.3886 27 0
15.8576 12.8774 19.6479 27 1
3.0176 3.89297 10.3221 27 0
4.40354 3.2672 12.8801 27 0
-11.6413 -2.80565 18.175 27 0
3.16756 3.83393 11.172 28 0
12.4404 -26.6005 21.9845 28 0
-29.9754 27.607 21.5472 28 1
2.77472 4.03746 10.9581 28 0
-14.733 -15.1827 20.5504 28 1
-19.4106 29.9977 21.5106 28 1
-3.47665 -12.4753 19.1427 28 1
-3.79109 16.9895 19.1414 28 1
-4.59757 28.6249 21.9205 28 1
8.54151 1.35127 16.3729 28 0
-19.5224 -29.7934 21.891 28 1
-18.14 9.46796 20.7684 28 1
-24.1424 29.9624 20.4086 28 1
9.03499 1.01413 14.509 28 0
-22.1903 -29.9673 20.6562 28 1
28.1002 -23.2178 20.9464 28 1
3.1886 -29.9083 20.5982 28 1
-17.5483 0.192335 20.3057 28 1
8.77608 5.91588 16.5704 28 0
25.6385 -20.4881 22.0853 28 1
17.5013 -29.8403 21.7746 28 1
2.98157 3.98592 10.1218 28 0
-0.117494 0.84053 3.08545 28 0
-29.3582 -29.3288 22.0859 28 1
-9.88893 -29.9992 20.0703 28 1
-19.6436 -29.9779 21.3889 28 1
16.1431 -13.071 19.5152 28 1
9.93957 10.0197 17.3874 28 0
28.7955 -27.2826 21.6049 28 1
15.571 -29.2441 21.8849 28 1
2.95978 3.97895 10.1359 28 0
-22.7379 -29.6148 21.9551 28 1
28.5818 -28.4537 22.2508 28 1
2.98987 4.02162 10.1696 28 0
29.6085 6.56973 22.0127 28 1
29.6255 23.3762 22.1298 28 1
3.05642 3.98759 10.2595 28 0
3.16766 9.44947 17.0364 28 0
2.99727 3.99655 10.133 28 0
-29.9104 23.8185 20.7483 28 1
3.01705 4.0261 10.2078 28 0
29.8727 4.75264 21.0122 28 1
-3.27776 6.23954 14.3893 28 1
1.12808 4.51551 11.5029 28 0
8.39077 29.7417 21.8036 28 1
-29.7116 29.9857 21.207 28 1
-11.8842 11.3591 19.7041 28 0
-28.3964 30 21.5526 28 0
-29.0459 21.9702 19.9628 28 1
3.70158 3.87719 12.115 28 0
5.32538 -17.3742 20.6275 28 1
28.7882 -27.4433 21.9412 28 1
2.98351 3.97896 10.1204 28 0
29.9314 -22.9446 20.1018 28 1
-19.0644 30 19.9764 28 0
5.89928 21.3204 20.6343 28 1
3.48671 3.48944 12.3939 28 0
25.973 -9.50643 21.3248 28 1
29.9304 -24.0739 20.1709 28 1
1.64882 29.8804 21.357 28 1
3.75583 3.70545 12.3474 28 0
-28.911 -11.257 20.9752 28 1
-17.4746 -7.87737 20.5148 28 1
2.42898 5.77633 13.7821 28 0
-22.9011 14.5676 21.3356 28 1
-27.4701 -12.9193 21.4977 28 1
3.62984 4.01919 12.2537 28 0
29.9944 10.902 20.0201 28 1
30 -28.5196 21.6571 28 0
5.4845 3.33617 14.1806 28 0
23.6087 -29.8977 21.6144 28 1
9.43198 4.10845 17.1145 28 0
3.02013 4.5404 12.4569 28 0
11.749 -2.9275 17.5477 28 1
3.02397 3.99935 10.1733 28 0
-30 30 19.9504 28 0
2.40492 4.23732 11.9888 28 0
3.06928 4.00382 10.3253 28 0
3.32518 4.01038 11.8331 28 0
-29.6597 3.23245 21.6166 28 1
4.32989 3.32813 12.8585 28 0
2.97628 3.97966 10.122 28 0
28.4946 9.44621 22.0531 28 0
2.98674 3.99045 10.124 28 0
9.15145 0.727147 16.0139 28 0
-21.7586 -25.8777 21.0785 28 1
-9.65637 -28.3025 21.7826 28 0
-19.7809 -21.0895 20.7019 28 1
30 30 19.9504 28 0
2.97658 3.93723 10.1651 28 0
-29.859 -27.5222 21.8179 28 1
5.2081 -4.30343 14.0595 28 1
3.24374 3.83024 11.5852 28 0
29.9566 27.8566 20.4493 28 1
3.71009 3.43426 12.3754 28 0
3.0084 3.97705 10.136 28 0
2.86121 4.47078 12.4335 28 0
30 30 19.9504 28 0
2.98135 3.98578 10.1218 28 0
30 30 19.9504 28 0
-20.4745 16.0864 21.2783 28 1
30 -17.3142 21.2141 28 1
-24.7078 23.3873 21.9555 28 1
-6.52009 29.9812 21.4568 28 1
11.7681 17.7243 20.7546 28 1
-11.615 -22.281 21.5219 28 0
29.8626 -27.8166 20.9601 28 1
3.7041 3.30496 12.0745 28 0
-1.57324 4.89197 12.1056 28 0
-28.2111 13.9395 20.6892 28 1
-29.806 29.6898 21.6782 28 1
1.42791 1.64492 7.55126 28 0
2.99004 3.97653 10.1214 28 0
12.3693 4.48162 19.1737 28 1
30 30 19.9504 28 0
3.50479 3.73206 12.449 28 0
3.04783 4.472 12.4294 28 0
2.97983 3.99216 10.1255 28 0
2.92152 4.01201 10.2477 28 0
1.49269 6.0091 13.3867 28 0
2.94653 3.80477 10.6938 29 0
2.97722 3.98671 10.1233 29 0
26.1114 -8.5266 21.4119 29 0
-26.8428 24.1737 20.939 29 1
8.73437 5.94786 16.7021 29 0
-29.9971 28.0573 20.026 29 1
6.74403 3.86316 14.6951 29 1
-11.5666 18.5356 21.4192 29 1
8.54544 1.32826 16.3427 29 0
-28.8088 -13.2454 21.2774 29 1
2.70881 9.15565 16.3715 29 0
-20.8708 -14.5739 21.2696 29 1
0.553419 3.38979 9.98894 29 1
29.0637 -24.5845 21.5968 29 1
15.2423 -29.515 21.9133 29 1
-3.75158 21.0101 20.0853 29 1
2.99635 3.97354 10.1251 29 0
-11.4462 -3.57265 18.6508 29 1
3.64468 7.88697 15.7904 29 0
5.63341 1.80893 13.1982 29 1
12.2588 3.94373 17.9265 29 0
-21.2277 29.6703 21.7597 29 1
0.997192 -6.17385 12.384 29 1
25.0423 -6.43257 21.1749 29 1
2.973 3.75885 10.8801 29 0
9.96782 9.9921 17.3116 29 0
-26.2025 -2.21928 20.9582 29 1
-0.659283 3.57484 10.2684 29 1
3.70497 3.88625 12.09 29 0
-29.754 28.9641 21.0134 29 1
3.01041 3.99471 10.1451 29 0
2.99314 3.95264 10.1403 29 0
-3.37253 7.263 15.5957 29 0
3.98961 1.56241 10.7695 29 0
3.03318 3.99164 10.1883 29 0
-6.18478 -19.4272 20.82 29 1
-3.72256 30 20.9269 29 0
-15.5047 -24.0901 21.4451 29 1
3.01269 3.96526 10.1469 29 0
-17.4243 -15.2373 21.2935 29 1
4.98367 9.44883 17.2801 29 0
-21.9492 -9.41466 20.9897 29 1
-27.5985 30 21.5583 29 0
3.00005 3.96708 10.1307 29 0
-28.8839 -29.7175 21.3496 29 1
1.60262 19.2489 20.7432 29 1
2.97248 3.84406 10.4964 29 0
-3.52927 -29.136 21.5538 29 1
3.18078 9.45027 17.069 29 0
3.16571 3.87057 11.0422 29 0
18.6695 29.8428 21.5472 29 1
27.2235 22.0296 20.8015 29 1
2.03104 5.50749 13.0075 29 0
30 -22.7337 21.054 29 0
-30 -30 19.9504 29 0
-26.7608 -29.8539 21.2479 29 1
20.0084 5.54567 20.6371 29 1
-11.8084 -28.5942 21.6764 29 1
-11.4517 -29.755 21.8678 29 1
2.98129 3.96041 10.1294 29 0
3.0264 4.54386 12.4652 29 0
-25.2362 -10.134 20.8343 29 1
-0.485653 29.6204 21.9927 29 1
-26.7183 29.9198 21.2462 29 1
-27.408 3.56891 21.8991 29 1
19.0522 18.7462 20.6754 29 1
3.22391 3.86704 11.3877 29 0
30 25.3754 21.4843 29 1
10.0067 0.324379 16.5485 29 1
0.333767 0.995758 4.19637 29 1
29.9915 -25.5569 21.6109 29 1
2.81084 4.60428 12.5813 29 0
30 -30 19.9504 29 0
9.34285 -29.2945 21.7983 29 1
2.98933 3.95633 10.1342 29 0
29.9866 28.4237 21.6042 29 1
-26.8968 17.3513 21.3954 29 1
-1.62433 25.308 21.5777 29 1
2.97135 3.99083 10.1285 29 0
3.68355 4.03554 12.1535 29 0
-29.764 -5.65637 21.651 29 1
28.3902 -22.9984 21.4831 29 1
30 30 19.9504 29 0
-12.138 -26.2261 20.8931 29 1
-28.0183 -4.09293 19.8597 29 1
-6.26755 21.3734 21.1942 29 1
28.0049 -23.5726 21.5531 29 1
3.05655 3.96709 10.2613 29 0
2.95137 3.94505 10.1756 29 0
-23.0549 -14.9008 19.9033 29 1
-30 -30 19.9504 29 0
-14.9222 -28.922 20.1005 29 1
2.32292 5.45401 13.5735 29 0
2.97246 4.3389 11.9566 29 0
30 30 19.9504 29 0
3.69491 3.42042 12.3614 29 0
-2.10644 15.4983 19.6306 29 1
9.02783 0.970351 14.5058 29 0
24.0532 29.7725 20.9084 29 1
2.98989 3.98118 10.1213 29 0
2.97856 4.01135 10.1491 29 0
2.99139 3.98267 10.1221 29 0
2.75269 3.95845 10.97 29 0
2.99473 4.02904 10.1899 29 0
25.3776 -29.3406 22.1022 29 1
3.02611 4.47694 12.4057 29 0
-21.6034 -30 21.5038 29 0
-17.1143 -12.156 19.766 29 0
21.8886 -29.6683 21.4628 29 1
30 -19.1061 20.1452 29 0
7.96928 6.62102 16.9608 29 0
-23.4366 -9.07087 21.1556 29 1
3.70905 3.28297 11.997 29 0
3.49313 3.47402 12.3834 29 0
-28.2044 25.762 21.4319 29 1
2.54707 4.17682 11.9316 29 0
29.6269 -15.3888 22.0593 29 1
-7.1802 -28.0357 20.3711 29 1
4.36879 3.19925 12.5859 29 0
-25.5122 -7.05336 21.2708 29 0
