-23.1659 -10.4628 21.378 1 1
-13.4595 -24.4171 21.931 1 1
11.3307 26.7967 21.4851 1 1
-20.1558 -17.1139 20.3154 1 1
-15.2998 -9.57386 20.6122 1 1
-13.3339 9.97775 19.5448 1 1
23.394 -12.9486 21.178 1 1
9.34618 -25.0075 21.0195 1 1
2.7778 15.2577 19.4225 1 1
-20.3254 2.91382 20.4003 1 1
18.3179 0.483643 20.7255 1 1
25.5055 0.64397 21.7308 1 1
12.9019 -10.9334 18.5142 1 1
7.65154 24.3064 21.5448 1 1
-28.657 -4.49293 21.927 1 1
23.8026 -24.1007 20.7919 1 1
-15.8178 -5.02271 18.7881 1 1
29.2143 -26.3239 21.7482 1 1
-20.4287 -0.41884 21.1945 1 1
27.3266 22.4303 22.0791 1 1
-15.449 26.3115 21.9356 1 1
25.1038 -1.74186 20.6983 1 1
-12.4101 10.4713 20.3049 1 1
-23.7794 -14.252 21.2322 1 1
-11.2874 -5.39796 18.7135 1 1
-20.8719 9.4839 21.0767 1 1
27.3955 -15.8216 21.6539 1 1
14.4526 18.589 21.5966 1 1
2.1778 -5.29556 12.738 1 1
19.3496 -16.0201 20.92 1 1
-29.6638 18.6544 21.9948 1 1
-3.15534 -29.689 21.3273 1 1
-5.09999 -12.744 18.3773 1 1
-24.9556 17.2597 20.8758 1 1
4.49823 -10.9772 17.9873 1 1
-13.7196 -8.4606 20.1115 1 1
12.7252 5.89838 18.5843 1 1
-19.1315 -12.5847 21.0218 1 1
-22.4957 26.5854 22.1783 1 1
17.9131 21.6689 21.1418 1 1
-27.9183 25.5552 21.6577 1 1
-3.17139 20.5237 20.8847 1 1
-12.9947 -18.8039 19.9829 1 1
-27.0738 7.5048 21.3932 1 1
-6.60008 20.5762 21.3485 1 1
21.8229 2.69442 20.7748 1 1
-25.3995 -9.44149 21.8661 1 1
2.58514 20.4768 21.2418 1 1
-26.7985 -24.6359 21.7653 1 1
14.5448 18.8497 21.1992 1 1
-27.4737 -13.7034 21.9295 1 1
-29.3673 -15.1187 21.4993 1 1
29.6056 -8.09492 21.4377 1 1
27.8183 27.9371 20.6894 1 1
30 30 19.9504 1 0
-14.932 -22.4733 21.315 1 1
23.6264 25.2479 21.8589 1 0
25.5843 5.47259 21.8269 1 1
30 -13.5525 21.5008 1 0
-12.0979 -8.80509 18.5258 1 1
-4.50268 30 21.4442 1 0
2.59571 -10.0564 17.0561 1 1
30 30 19.9504 1 0
4.38398 16.3241 20.3361 1 1
10.8404 8.31648 18.7534 1 0
-0.789835 24.123 20.4405 1 1
9.75904 23.4898 21.5457 1 0
30 30 19.9504 1 0
30 30 19.9504 1 0
9.88086 7.40696 18.2796 1 0
-4.46276 30 21.4303 1 0
19.3845 8.16941 20.8204 1 0
30 30 19.9504 1 0
10.7612 9.26304 19.039 1 0
30 14.5612 21.5021 1 0
6.96766 9.71917 17.5503 1 0
-9.21436 30 20.6396 1 0
24.9025 30 20.1558 1 0
30 30 19.9504 1 0
30 30 19.9504 1 0
30 -2.09625 19.9462 1 0
-7.86555 6.62698 17.0652 1 0
10.139 21.2751 20.7301 1 0
30 30 19.9504 1 0
18.7156 11.1967 20.7443 1 0
13.4097 12.3751 20.7431 1 0
11.5899 30 21.4257 1 0
6.45783 30 21.4399 1 0
30 -30 19.9504 1 0
30 30 19.9504 1 0
30 30 19.9504 1 0
16.4552 24.9596 21.423 1 0
14.8846 30 20.1459 1 0
-2.31648 30 21.0885 1 0
30 -8.71272 21.009 1 0
30 30 19.9504 1 0
9.69894 10.2726 19.2104 1 0
-10.3664 30 21.313 1 0
30 2.54136 21.4183 1 0
30 -23.1177 20.2382 1 0
22.4121 3.5746 21.4926 1 0
18.0525 19.4247 21.2197 1 0
-11.667 30 21.2221 1 0
-3.44386 8.33627 16.6495 1 0
30 26.0714 20.0586 1 0
7.10928 30 20.0357 1 0
26.9823 3.1432 20.0461 1 0
-11.2288 30 20.7406 1 0
30 14.8774 20.1821 1 0
30 26.5725 21.5969 1 0
10.098 10.1274 17.9414 1 0
4.70399 20.2695 20.8482 1 0
13.3637 9.94781 19.6655 1 0
30 13.1528 20.3276 1 0
30 14.9746 19.8428 1 0
-30 30 19.9504 1 0
30 -9.75582 20.8082 1 0
-2.1228 30 20.0745 1 0
-30 30 19.9504 1 0
17.5345 11.4277 21.2902 1 0
5.7774 -22.702 21.051 2 1
30 4.77897 20.641 2 0
11.0374 11.2142 18.7391 2 0
-2.91612 -10.4744 17.48 2 1
18.4973 11.0516 20.7941 2 0
30 -4.26027 20.8464 2 0
-0.607809 16.7206 20.2237 2 0
21.48 -1.11474 20.8768 2 0
12.588 12.896 20.1826 2 0
30 20.1693 20.4961 2 0
2.58298 24.8412 21.2833 2 0
-5.59894 -19.4417 21.1567 2 1
27.519 30 21.6515 2 0
30 30 19.9504 2 0
4.61939 30 21.3013 2 0
-1.43928 30 21.3957 2 0
17.2443 30 20.89 2 0
16.6397 30 21.3641 2 0
-5.46411 7.08037 16.121 2 0
8.51808 30 21.472 2 0
9.91636 3.21676 16.4301 2 0
30 12.3636 21.3264 2 0
24.7481 -28.6542 21.8747 2 1
9.69866 3.44151 17.5169 2 0
22.6214 -1.42953 21.4641 2 0
25.9854 9.34649 21.0783 2 0
30 30 19.9504 2 0
30 30 19.9504 2 0
-0.754723 2.50857 8.2941 2 0
12.903 13.7766 19.6947 2 0
28.8881 12.5934 21.5206 2 0
-17.9228 9.74622 20.0634 2 1
13.3686 -29.9724 21.3595 2 1
30 2.35901 21.233 2 0
6.48518 -18.8222 20.764 2 1
-21.441 17.8709 21.4468 2 1
9.36202 12.556 20.0826 2 0
30 18.454 21.56 2 0
30 5.39145 21.3314 2 0
30 28.8744 20.3181 2 0
11.5187 -10.1402 19.5987 2 1
-29.4856 -14.4801 22.1561 2 1
30 30 19.9504 2 0
-29.3295 -1.91859 21.1879 2 1
5.5114 9.58431 18.136 2 0
30 6.0822 19.908 2 0
30 23.2611 21.0326 2 0
1.26385 30 20.8534 2 0
27.0186 5.95515 19.6624 2 0
-2.45846 -29.434 22.021 2 1
30 -6.49945 21.4578 2 0
11.1226 30 20.141 2 0
-16.0749 -6.9634 18.4982 2 1
7.58725 30 21.3908 2 0
14.6522 30 21.3045 2 0
30 21.6384 21.417 2 0
13.0089 -24.0572 19.6695 2 1
30 9.56703 21.4408 2 0
12.7703 27.898 20.8664 2 0
-18.9028 -22.0308 19.9284 2 1
27.387 17.8625 21.575 2 0
-13.3197 -28.3182 21.8217 2 1
20.0707 13.5393 21.0994 2 0
0.687134 13.7602 19.0165 2 0
30 0.298748 21.013 2 0
-19.2047 -27.6806 21.616 2 1
30 -9.10153 20.0171 2 0
-19.7327 -22.6901 21.6456 2 1
-18.1472 -23.363 21.4381 2 1
27.4958 -14.7617 21.8467 2 1
-2.17787 -29.9883 20.3841 2 1
-29.3363 28.7625 21.8546 2 1
-7.63039 -29.9844 21.2976 2 1
-28.7187 -12.235 21.5257 2 1
30 12.3986 21.4122 2 0
-24.1766 11.6916 21.226 2 1
30 30 19.9504 2 0
-26.0969 9.38683 21.2905 2 1
5.32993 19.3551 20.9703 2 0
1.74915 -29.516 21.8063 2 1
-28.266 -19.1728 21.3577 2 1
-29.9584 8.79448 20.6158 2 1
-14.3944 -23.8894 21.3407 2 1
13.6372 -28.0034 21.2833 2 1
3.73721 17.119 19.654 2 1
-5.03954 -12.8904 17.505 2 1
-15.8965 -6.31265 19.7089 2 1
16.8262 11.2935 20.4794 2 0
12.0132 -29.7977 20.5977 2 1
21.9619 13.5379 21.1978 2 1
-29.5508 -23.2579 22.0134 2 1
-14.0885 16.1528 19.7163 2 1
7.77088 8.72294 17.9045 2 1
8.57279 17.7832 20.7841 2 0
17.8775 10.462 20.7687 2 1
9.44882 30 21.4583 2 0
21.5904 22.032 21.3925 2 1
-18.7426 -6.42751 20.8811 2 1
20.3202 -17.4812 21.775 2 1
26.8984 16.1967 20.7212 2 1
30 30 19.9504 2 0
25.0804 30 20.0851 2 0
-20.2427 -24.8314 21.1961 2 1
7.69741 -16.4588 20.6626 2 1
16.61 30 21.4401 2 0
-27.0959 -1.77456 20.6582 2 1
25.3119 30 21.2765 2 0
-28.6511 -21.9667 21.3782 2 1
-17.4515 -25.2279 21.7919 2 1
-0.957579 -24.0037 19.3787 2 1
19.783 3.54115 20.8688 2 1
28.6629 -6.80084 21.506 2 1
-21.5063 -28.0575 21.6148 2 1
-29.5545 -2.04666 21.4076 2 1
20.0344 -13.3118 20.7033 2 1
-29.6838 -28.1305 21.5074 2 1
-8.6081 1.30274 16.3037 2 1
28.4327 -25.6315 22.1775 2 1
18.8661 -26.2452 21.0948 2 1
-15.1356 3.66989 19.4158 2 1
8.63815 26.3157 21.7279 3 1
12.8641 5.32798 18.829 3 0
21.2396 -0.178215 20.4415 3 0
24.3697 -11.0867 21.1748 3 0
20.515 -28.2464 21.96 3 1
-24.2984 -22.8473 21.3922 3 0
1.32463 -10.3114 17.4599 3 0
26.5821 -0.818531 21.4555 3 0
-18.2433 26.83 21.2154 3 1
10.6144 -18.1596 20.7988 3 0
-0.193619 -30 20.4699 3 0
-16.4751 16.1053 21.0438 3 1
-4.24535 0.0770998 10.1679 3 0
29.7013 -13.6858 21.8154 3 0
9.22928 -9.32662 18.7446 3 0
-6.87784 -18.6018 20.5484 3 1
9.63707 -28.7973 21.6097 3 0
-3.41314 20.0692 20.568 3 0
-2.84475 -25.0643 20.0575 3 0
2.61566 1.35724 9.03073 3 0
29.7634 19.3895 21.8765 3 1
12.1275 10.2633 19.2454 3 0
-12.3948 1.65109 18.8024 3 0
-1.6192 -6.02751 13.3098 3 0
-14.9816 28.6894 21.1479 3 0
-29.487 -29.7515 22.0544 3 1
0.389309 5.16546 12.2274 3 0
24.1858 -22.821 21.0269 3 0
-5.68958 -14.1463 19.2782 3 0
18.4141 1.85364 20.3765 3 0
-29.2422 10.2912 21.5669 3 1
13.3775 10.1048 19.8132 3 0
25.0492 16.1513 20.2698 3 1
-25.4755 29.9466 21.6631 3 1
27.8804 13.4126 21.5259 3 1
26.1337 -11.2219 20.8356 3 1
-1.60229 2.39895 8.97035 3 0
-2.75167 -5.9155 13.2219 3 0
14.5498 29.1516 21.6885 3 1
7.7443 15.2621 19.9947 3 0
22.9894 -3.8984 19.5182 3 1
-12.4197 30 21.4513 3 0
-23.6699 28.7009 21.9396 3 1
-10.9796 -29.0597 19.8563 3 1
-15.5736 26.1947 21.6917 3 1
-30 12.6232 21.3648 3 0
5.12769 11.9672 17.2365 3 0
16.3196 -11.8194 20.5617 3 0
7.05591 -8.67897 17.3176 3 0
11.7848 10.1653 19.0678 3 0
9.97073 9.36288 18.6473 3 0
-0.861412 6.80641 13.497 3 0
26.4459 13.105 21.484 3 0
-18.8066 -29.5864 21.8021 3 1
29.9276 11.0737 20.0477 3 1
-28.2381 -26.2966 21.7346 3 1
1.97687 6.99533 12.8607 3 0
16.0168 25.6648 21.1669 3 1
28.1804 -25.1241 20.8589 3 1
7.54208 -11.0838 18.7639 3 0
12.297 12.9881 19.7006 3 0
16.8601 2.0536 18.7021 3 1
-17.1858 -30 20.5617 3 0
-24.1439 5.72437 20.8624 3 1
9.99021 15.5494 20.2299 3 0
-27.7636 25.7866 21.4544 3 1
9.72353 -27.9718 20.9089 3 1
9.80293 -5.98256 16.8413 3 0
-20.0412 -18.5646 21.274 3 1
-14.534 23.258 21.7065 3 0
-0.701683 -24.4845 21.5687 3 1
9.48018 9.92863 18.8928 3 0
28.5632 9.72608 21.8528 3 0
-5.22366 -25.7373 21.1873 3 1
9.90046 29.9887 20.0188 3 1
-2.82182 -4.34763 12.1764 3 0
9.27251 10.15 18.606 3 0
20.9167 -29.8597 20.4836 3 1
-16.4401 30 21.5242 3 0
-19.1157 28.5649 21.6453 3 1
-10.2633 3.21784 17.2884 3 0
26.6895 18.569 21.9891 3 1
-30 30 19.9504 3 0
30 30 19.9504 3 0
29.8372 -29.7274 21.4577 3 1
26.9656 18.1024 20.0844 3 1
-29.6264 -23.3604 22.1103 3 1
4.69871 20.6196 21.121 3 0
23.8623 6.44552 21.2481 3 1
29.836 17.8199 20.9715 3 1
-7.12797 5.29882 15.8064 3 1
7.30935 -25.0331 20.8585 3 1
29.4564 -15.9737 21.5314 3 1
-29.6398 -13.5897 22.0433 3 1
6.48769 -29.8948 21.5525 3 1
5.80127 -29.706 21.4196 3 1
-21.2271 -23.2189 21.3006 3 1
-28.3343 -28.1959 21.7303 3 1
-26.0377 13.8588 20.1801 3 1
18.6708 19.0045 20.9576 3 1
-14.7218 -10.4918 20.6112 3 0
-24.2012 19.467 21.758 3 1
-26.0692 6.10186 19.9146 3 1
28.7325 4.3228 21.6307 3 1
-21.0652 29.5606 21.606 3 1
-18.5765 18.7901 21.5145 3 1
-24.9382 -10.4261 21.2649 3 1
2.86884 10.5426 17.5856 3 1
-26.7539 -1.61094 21.5766 3 1
-9.96731 -0.925983 15.3122 3 0
-27.1941 -14.5432 21.7294 3 1
20.3096 -13.994 20.7342 3 1
10.3474 10.3886 19.6918 3 0
-24.3639 29.4514 22.1813 3 1
13.4902 -20.2769 21.5215 3 0
-10.8483 -16.5803 20.6424 3 0
30 29.8034 20.7242 3 0
29.9963 -10.79 20.6312 3 1
3.17587 8.70694 16.2305 3 0
10.7222 18.5562 21.1793 3 0
-20.5519 -19.2339 21.6899 4 1
1.44506 7.9789 15.3395 4 0
5.09057 -20.2696 20.2442 4 1
-9.60978 -26.7214 21.7358 4 1
19.8875 24.2319 20.9327 4 0
21.6909 -18.7519 21.5326 4 1
-17.7343 1.31204 20.3135 4 0
30 30 19.9504 4 0
12.916 13.5599 20.3354 4 0
-2.7852 30 20.5962 4 0
-13.5822 3.53676 19.5724 4 0
4.03344 30 19.7531 4 0
7.43309 2.0858 15.033 4 0
-20.6689 -19.4008 21.8332 4 1
2.41652 30 21.3653 4 0
-11.7418 1.49079 18.3763 4 0
1.88945 5.08481 11.1727 4 0
0.528082 11.5633 18.4415 4 0
-17.4868 -11.6367 21.2545 4 0
-12.9468 0.0911512 17.0718 4 0
9.39057 7.67847 18.5739 4 0
10.3344 13.2503 20.0848 4 0
30 -30 19.9504 4 0
8.82275 -2.72627 16.1422 4 0
13.5318 -8.03493 19.5603 4 0
8.23599 19.488 21.0799 4 0
2.00267 11.1213 16.3058 4 0
-14.1874 18.6506 21.0868 4 0
-29.9999 -27.6468 21.4369 4 1
-8.70406 7.64791 18.1902 4 0
-20.5049 -6.39343 21.3493 4 0
7.4361 2.7418 15.583 4 1
-13.1738 17.3644 20.8955 4 1
-14.5308 15.7159 21.1985 4 0
19.3009 28.3316 21.8927 4 1
0.435869 21.7362 21.1895 4 0
30 30 19.9504 4 0
-6.21366 30 20.6094 4 0
-0.225303 -8.59851 16.0736 4 0
30 5.79466 20.559 4 0
-14.7083 2.48297 19.7579 4 0
2.84095 16.6369 19.9342 4 0
29.8688 -23.3785 21.6463 4 1
-1.25331 7.19665 14.4335 4 0
-6.4479 7.61672 17.4122 4 0
-17.6169 2.01102 19.9528 4 0
-25.9314 -8.42382 21.2847 4 1
2.91999 1.15021 7.80863 4 0
1.63913 10.9191 17.3989 4 0
8.01542 12.1738 18.1019 4 0
-24.7714 30 20.8739 4 0
-21.3757 2.49264 21.3395 4 0
21.361 25.4099 22.0597 4 1
12.1097 -9.35704 19.3443 4 0
7.06763 24.8563 20.0516 4 0
-5.80524 22.4267 21.2054 4 0
-5.74122 -4.56131 15.0158 4 0
6.888 -6.62116 16.5202 4 0
16.5986 -20.7532 21.5794 4 1
-30 -26.4466 21.6201 4 0
22.1379 26.1056 20.5107 4 1
-28.1736 26.0158 20.5581 4 1
1.74453 -8.38367 16.083 4 1
5.86215 7.3155 16.2744 4 0
-7.35962 13.1499 19.3675 4 0
-21.243 4.51366 21.1698 4 1
-3.05525 11.8712 16.9255 4 0
-26.7387 -27.2161 21.5546 4 1
28.2999 -30 21.2468 4 0
2.4246 6.63107 14.8934 4 0
29.9409 2.96977 19.8307 4 1
-30 -20.6985 21.1963 4 0
18.0485 -26.7969 20.6481 4 1
-3.28684 25.7389 21.3473 4 0
-18.9102 -17.0967 19.8745 4 1
-29.7485 5.85392 21.0949 4 1
11.7517 -12.5738 20.3217 4 1
-0.741949 -9.90578 16.3336 4 0
26.2888 -28.3755 22.0124 4 1
-13.6583 -11.0083 19.7902 4 0
-24.7646 21.5799 21.8507 4 1
-29.9538 27.7821 20.8718 4 1
-29.5828 -10.8588 21.5974 4 1
-10.1749 3.73145 17.2147 4 0
18.6252 5.0813 20.3276 4 1
27.4302 25.7366 22.0106 4 1
-23.8903 21.6174 21.4923 4 1
3.81857 2.74664 11.2157 4 0
-27.2516 23.6074 21.9227 4 1
-17.247 -13.4746 21.1968 4 1
-18.2661 29.1489 21.2848 4 1
12.6963 -5.96294 18.5885 4 0
-13.9184 1.11742 17.704 4 1
0.496155 -16.31 20.2238 4 1
-26.9535 -27.6621 21.3916 4 1
5.75759 -12.7176 19.0154 4 1
-26.3977 11.3871 21.9167 4 1
28.8491 1.75524 21.022 4 1
6.70832 29.8194 21.3677 4 1
-7.2415 -25.5679 21.6002 4 1
2.15875 16.1046 18.7602 4 1
-24.5439 -28.5049 22.2454 4 1
27.4125 -24.8021 21.8442 4 1
11.7908 25.1204 20.6899 4 1
-29.3073 -26.7113 21.9016 4 1
6.88565 5.26817 15.4732 4 1
5.41339 -4.71607 14.8862 4 0
-29.9884 23.224 20.8385 4 1
-9.07139 29.31 21.1518 4 1
17.2161 22.7462 21.2658 4 1
-27.8799 9.68098 21.2436 4 1
-14.3797 20.482 21.7146 4 1
-21.8612 28.8807 20.6104 4 1
27.8253 4.02112 20.2813 4 1
-25.7751 19.4328 21.8246 4 1
-5.1636 -13.1469 18.254 4 1
24.2066 -27.286 21.5803 4 1
22.9442 -16.632 21.2137 4 1
24.4084 -9.14227 21.3176 4 1
-14.6025 -10.2874 20.5221 4 1
17.7196 9.95531 20.1188 5 1
22.5889 16.1297 21.4014 5 1
30 12.7308 20.9664 5 0
28.4922 13.254 21.884 5 1
27.1205 -24.9013 20.4485 5 1
26.7764 29.1058 21.0338 5 1
-29.9468 21.2813 21.1528 5 1
18.9567 22.1435 20.1868 5 0
-9.77115 9.60504 19.1177 5 0
6.34501 10.9789 18.1508 5 0
2.86865 0.473268 8.60338 5 0
5.40999 8.65636 17.5 5 1
-14.2146 13.7051 20.5216 5 0
14.1365 19.9406 19.8785 5 0
7.95451 -3.2853 15.3492 5 1
-6.72897 29.3114 21.6582 5 0
0.649639 -11.3299 18.1148 5 0
6.95062 6.31072 16.08 5 0
7.89449 12.5555 19.3359 5 0
27.4792 23.1719 21.8233 5 1
17.265 19.075 20.7027 5 0
13.4819 24.8009 21.6371 5 0
5.10678 17.6188 20.1993 5 0
1.56004 14.1121 19.1133 5 0
-15.2427 3.28105 19.5847 5 0
30 30 19.9504 5 0
-11.4158 16.1538 20.636 5 0
-29.7106 -28.7842 21.6765 5 1
26.2234 -29.6734 21.7822 5 1
18.8983 26.4866 21.6099 5 0
14.2315 15.0182 19.9044 5 0
10.615 -0.64769 17.7641 5 0
29.1023 -7.06276 20.0613 5 0
5.91731 7.7551 16.116 5 0
-25.3793 -25.3291 22.0448 5 1
2.46643 6.3587 14.6477 5 0
29.694 -22.9801 21.2369 5 1
3.93588 11.0433 16.3437 5 1
26.9758 21.0746 19.9995 5 0
-23.9211 24.9475 20.076 5 1
-9.49365 15.6285 20.7825 5 0
-1.22655 23.0964 20.3357 5 0
-3.47454 7.50872 16.1409 5 0
-19.992 5.55614 20.6245 5 1
6.92438 9.71742 17.6093 5 0
16.4368 18.6056 21.6956 5 0
7.34476 9.62717 18.5768 5 0
15.6692 21.9218 21.0572 5 0
4.44746 9.07125 16.9482 5 0
-24.0443 16.7982 20.525 5 0
-28.0908 -6.05937 19.9481 5 1
-21.9416 -28.291 21.1879 5 1
8.844 10.6606 18.8858 5 0
2.47807 -7.93221 15.5826 5 1
22.015 30 19.9024 5 0
6.25555 18.82 20.292 5 1
16.2296 17.4968 21.3873 5 0
-5.22569 30 20.6696 5 0
28.4164 0.141706 21.4701 5 0
1.19856 28.7198 21.3084 5 0
4.49888 10.7366 18.2814 5 0
20.2546 8.77265 20.7784 5 0
29.3749 -3.16687 21.5104 5 0
-29.9768 -29.9924 19.9661 5 1
21.1467 16.9458 20.1175 5 1
11.6004 26.4735 21.9748 5 0
-10.1371 18.6815 20.6042 5 1
11.6886 3.10626 17.8756 5 0
-2.5773 20.6852 21.1421 5 1
-20.9809 5.28898 20.3253 5 0
20.1438 22.8833 20.4743 5 0
30 30 19.9504 5 0
29.9079 0.431885 21.4629 5 1
10.5711 9.10274 18.9873 5 1
-16.9334 -29.5191 21.5945 5 1
-28.851 -10.6771 21.3818 5 1
6.87102 14.0926 18.397 5 0
28.9184 24.3252 21.3915 5 0
-14.9349 29.6449 21.3711 5 1
-2.92811 4.66238 12.3302 5 0
20.7206 11.7797 21.0302 5 0
27.0289 -29.0699 20.0742 5 1
18.9243 12.8402 19.8903 5 0
16.5949 -29.4967 22.1503 5 1
-4.31341 -5.1535 13.8914 5 0
18.3625 10.9777 20.5619 5 1
-22.8311 -22.9966 20.4101 5 1
24.6715 -24.4504 22.0808 5 1
-23.4867 6.96966 21.0999 5 1
-29.9975 12.3093 21.1401 5 1
-6.02853 1.75732 12.8155 5 0
-22.9002 1.65583 20.8062 5 1
-14.7453 -27.1 20.987 5 1
21.3615 20.5618 21.9602 5 1
-10.3664 -3.13148 17.3889 5 1
-14.2307 21.3599 21.4152 5 1
19.3735 12.1288 20.9341 5 1
8.60501 -29.6419 21.9719 5 1
-24.273 2.46268 21.5114 5 1
-2.37312 -21.7802 21.041 5 1
-6.17974 22.5579 21.2103 5 1
16.6425 14.8628 20.8531 5 0
5.45605 -25.8036 21.5091 5 1
-28.1622 27.7577 21.3124 5 1
15.6337 4.75563 20.0059 5 0
2.56123 -27.5186 21.934 5 1
27.1014 25.5931 21.6304 5 1
26.9368 -11.1724 20.3906 5 1
-17.9683 -17.3308 20.8523 5 1
0.289433 -3.62867 10.1396 5 0
23.5868 27.9057 21.6169 5 1
28.5343 14.2714 21.9249 5 1
24.2366 5.97944 20.4201 5 1
9.44244 29.922 21.5078 5 1
2.28345 3.28178 10.5398 5 0
-20.14 -28.8229 20.8645 5 1
-29.9818 14.2859 21.0663 5 1
-29.9951 16.2496 20.907 5 1
29.8308 -23.1527 20.9235 5 1
-27.4459 30 21.6256 5 0
23.8894 13.2848 20.982 6 1
-26.0926 4.41002 21.2487 6 1
5.06931 4.22101 13.1273 6 0
14.1783 -0.319667 19.0211 6 0
-24.2853 -26.4262 22.0206 6 1
12.6547 0.123629 18.3005 6 0
7.21579 -16.3771 20.3489 6 0
29.9083 24.678 21.4128 6 1
16.2195 7.78864 19.9079 6 0
-1.46438 19.6773 20.9979 6 0
24.1973 0.717535 21.003 6 0
8.193 -12.1922 18.7901 6 0
-13.9156 -30 19.9941 6 0
-11.7634 28.958 20.7876 6 1
-29.8547 18.9722 20.3626 6 1
15.3461 9.72867 20.4828 6 0
1.03546 -11.3272 17.4252 6 0
7.12419 30 20.1107 6 0
2.46495 1.40153 8.91684 6 0
-1.26254 5.41597 12.9851 6 1
-9.60589 -11.5032 19.9069 6 1
-26.452 -27.5366 22.2467 6 1
18.7171 12.1927 20.7929 6 0
27.9114 13.5925 21.4637 6 1
-9.9919 27.6788 21.0796 6 1
-9.16426 18.0036 19.4388 6 1
-7.64952 20.3694 21.267 6 0
-26.4749 -25.3106 22.0989 6 1
-28.3363 3.05947 21.1323 6 1
8.7607 -3.45924 16.8019 6 1
10.5655 19.5081 21.4666 6 0
-24.2245 -30 20.8472 6 0
-10.1466 6.0477 16.7733 6 0
-7.93336 12.3057 18.8657 6 0
-6.24613 -13.4302 19.6125 6 1
-27.3231 24.4543 22.1104 6 0
6.97482 10.2839 17.7942 6 0
2.45947 7.83951 15.6561 6 0
24.106 -16.3706 21.343 6 1
28.104 -0.57832 21.3856 6 1
7.95119 -4.07177 14.538 6 0
-19.6841 -18.9663 20.9661 6 1
-16.159 -17.9568 19.9395 6 0
0.719498 -20.8801 20.367 6 0
-23.8865 -17.8244 20.5942 6 0
1.92486 8.29093 15.3421 6 0
2.7031 4.15796 11.6634 6 0
-29.1906 -29.0556 20.7398 6 1
16.9186 9.0403 18.8818 6 0
7.59579 0.23381 15.1937 6 0
30 -29.6454 21.4521 6 0
2.07799 0.215508 6.10337 6 0
4.82742 8.98833 15.9132 6 0
20.6728 18.7924 21.4302 6 1
0.757915 21.0888 20.1401 6 0
1.18056 -23.7295 20.865 6 1
11.7729 9.50942 19.7136 6 0
13.0015 10.0985 18.2916 6 0
-4.76552 25.0311 20.4592 6 0
-10.8939 11.7402 19.205 6 0
21.7446 7.54134 21.3402 6 0
-11.3203 -0.168695 17.6535 6 0
19.9284 10.4566 20.9196 6 0
-13.61 9.60657 20.3625 6 0
26.7436 -29.8881 21.2139 6 1
-15.2359 1.43313 19.7592 6 0
13.728 -6.72518 19.5524 6 0
12.404 1.55081 18.8922 6 0
0.795978 6.65386 14.0977 6 0
-4.47422 3.1966 12.8088 6 0
-24.0658 -10.7602 20.6054 6 1
-27.0303 2.18364 20.2857 6 1
0.563776 26.8817 21.3601 6 1
19.5742 22.6852 21.9045 6 0
-13.9291 5.53154 19.3548 6 1
23.7391 7.01566 20.5255 6 0
4.13139 -2.92993 10.7405 6 0
-23.6186 -16.522 21.9569 6 1
20.3542 6.80643 20.8797 6 0
-22.0398 -27.7306 21.0574 6 1
-14.3409 -28.3683 21.9509 6 1
-2.84953 17.2473 19.6791 6 1
-8.01583 20.8758 19.5254 6 0
9.84523 0.464592 16.9422 6 0
19.6267 -14.9897 20.949 6 1
-3.18 -8.15172 15.2631 6 0
29.9484 -26.5866 21.6017 6 1
-16.4739 -10.3018 20.9165 6 1
-18.9432 -4.89828 19.0748 6 1
-13.6796 -29.9262 21.2651 6 1
2.64194 15.7364 19.9243 6 0
0.233723 12.2089 17.9658 6 0
14.3855 23.9844 21.2061 6 1
-26.3822 1.04191 21.1201 6 1
11.3433 19.589 21.4077 6 0
-26.5774 -29.6552 22.1611 6 1
5.21507 17.9837 19.469 6 1
-21.127 19.1204 20.3232 6 1
29.3464 29.5992 22.1619 6 1
20.1556 -4.28214 20.437 6 1
29.5355 -1.24872 21.7959 6 1
14.3125 18.8436 20.9244 6 1
15.8786 15.5822 20.9288 6 0
-13.775 -15.1234 20.0648 6 1
-9.22176 29.5829 21.7604 6 1
9.89595 -13.1331 18.6843 6 1
-27.5544 19.7558 21.917 6 1
15.5814 -24.286 21.8023 6 1
16.6864 8.25932 20.4816 6 1
21.5021 2.15145 20.966 6 0
29.9966 18.0772 20.0113 6 1
30 12.4191 21.4504 6 0
-26.6771 -4.85638 21.1932 6 1
10.2969 27.236 21.489 6 1
-15.4305 -20.7484 21.5695 6 1
29.1698 29.7281 21.4742 6 1
-26.1402 -23.2502 21.2025 6 1
29.8237 28.7231 21.5118 6 1
22.7216 25.5158 22.0025 6 1
26.9217 14.253 20.91 6 1
11.3547 -11.1262 19.5605 7 0
30 30 19.9504 7 0
16.7721 -5.18303 19.7332 7 0
-23.1511 29.9035 20.6054 7 1
-12.0326 -0.513657 18.0849 7 0
30 30 19.9504 7 0
-14.567 27.6158 22.0404 7 1
1.66357 -4.41247 11.948 7 0
0.430943 4.52377 11.8129 7 0
-4.8872 -3.00069 11.4204 7 0
5.31793 5.49892 15.4457 7 0
10.1274 -0.528721 17.0859 7 0
30 30 19.9504 7 0
7.81063 18.0717 19.5939 7 0
15.4498 10.2966 20.7324 7 0
6.66326 4.96743 15.2851 7 0
4.30233 5.58045 14.7856 7 0
18.0452 3.85022 19.0774 7 0
10.4564 5.88455 18.1548 7 0
30 -8.40039 21.3748 7 0
24.602 29.9897 21.5322 7 1
4.64375 17.5068 20.7292 7 0
-3.97213 -5.01828 11.9396 7 0
12.8778 8.081 18.1715 7 0
30 6.57099 21.4083 7 0
4.80757 13.0597 18.0233 7 0
27.394 4.87886 21.358 7 0
8.23756 8.99526 17.4406 7 0
2.99673 7.13783 13.7469 7 0
-4.92875 2.08772 10.9338 7 1
-11.6752 30 21.1929 7 0
-2.17889 -4.17292 10.874 7 0
-10.2103 20.4173 21.1927 7 1
-8.16185 3.10617 14.975 7 1
-5.9084 30 19.9455 7 0
2.09691 19.1814 19.555 7 0
-12.6955 3.26558 18.7806 7 0
25.6163 -13.8162 21.5488 7 1
-21.8066 29.7661 21.358 7 1
2.688 30 21.0721 7 0
-9.87761 -2.50374 17.116 7 0
0.262377 13.1516 18.3204 7 0
30 30 19.9504 7 0
28.8342 -14.928 20.4976 7 1
2.04175 1.23762 6.76443 7 0
6.83457 9.24109 17.4571 7 0
-24.0066 19.0474 19.798 7 1
-24.07 4.03624 19.5257 7 1
-9.2757 -11.5167 19.6865 7 0
7.62472 30 21.3102 7 0
-4.73727 5.70076 14.8821 7 0
-2.39268 17.6171 20.6328 7 1
-21.2782 -0.906406 20.3464 7 1
26.7323 -25.7613 21.6333 7 1
25.0341 -27.8422 20.4748 7 1
9.43843 28.5696 22.0344 7 1
-7.08249 -28.8916 20.1435 7 1
-0.348017 24.6624 21.5303 7 0
-29.9508 9.54958 21.4833 7 1
5.20571 6.50332 15.8649 7 0
-6.03593 1.80531 12.583 7 0
17.297 8.53826 20.8793 7 0
-9.56774 -5.05674 17.3762 7 0
-4.35821 12.8269 18.8528 7 0
24.7216 29.3605 21.966 7 1
21.0505 23.0777 19.9762 7 0
29.8344 29.4862 21.8827 7 1
-5.1572 -26.4563 21.4623 7 1
8.15684 19.7213 20.5355 7 0
8.90455 12.0485 17.8804 7 0
1.3671 6.37913 14.2713 7 0
8.97167 -0.774046 15.3577 7 0
22.736 11.3211 21.3962 7 1
-28.2044 29.3244 21.7356 7 1
-11.3974 -2.44568 18.453 7 0
-1.28538 -4.36712 11.5721 7 0
18.5329 27.3322 22.052 7 1
28.6836 28.7892 21.732 7 1
9.46816 -8.27728 18.778 7 1
-29.6624 -24.6809 22.0092 7 1
-4.46595 6.24703 15.3478 7 0
10.1205 7.38082 18.3194 7 0
3.45905 8.17973 16.2588 7 0
16.3364 21.3456 21.6892 7 0
29.4922 27.236 22.0156 7 1
20.7705 -27.9714 20.8294 7 1
30 -14.6445 21.3282 7 1
-17.9196 -24.1761 20.4972 7 1
6.47717 -16.7077 20.5971 7 0
-29.9234 27.3592 21.519 7 1
20.9142 -19.6713 21.1621 7 1
-26.1213 4.48196 21.3734 7 1
27.5059 29.209 21.9604 7 1
29.8422 -3.22033 20.9892 7 1
8.71299 -28.6592 21.7488 7 1
1.76564 5.67492 13.2516 7 1
10.5441 -6.01391 18.1076 7 1
1.84658 -24.2463 20.7306 7 1
27.033 -2.28068 20.8048 7 1
-28.6829 -29.9078 21.4229 7 1
18.8939 9.44588 20.7853 7 1
-3.9353 -29.908 20.0314 7 1
-26.2756 21.707 21.7492 7 1
7.94663 -22.2529 20.4218 7 1
3.2007 12.3771 18.6246 7 1
27.0838 25.286 21.2351 7 1
28.7817 20.3525 21.7638 7 1
9.99744 29.9741 19.7888 7 1
6.9421 16.2817 19.6363 7 1
-5.89526 -15.8565 18.8649 7 1
19.6768 -30 21.2727 7 0
-7.40137 -23.4785 21.6975 7 1
0.46709 7.00382 14.2961 7 0
28.3651 -7.22317 21.6184 7 1
24.4796 11.7414 21.6955 7 1
29.1771 -14.6061 21.678 7 1
9.9313 8.6203 18.5097 7 1
-19.0759 -29.808 20.7209 7 1
28.699 28.4806 22.1325 7 1
21.7586 -13.824 20.9106 7 1
-24.292 -11.903 20.9598 8 1
9.3734 9.35175 19.1206 8 0
13.741 2.20367 18.8018 8 0
19.4581 11.7391 21.318 8 0
-17.5628 27.5285 22.1355 8 0
0.767604 -13.963 18.2314 8 0
30 5.43265 21.405 8 0
5.7523 10.6516 18.3543 8 0
-21.685 -19.5511 21.8861 8 1
5.11842 10.2703 17.416 8 0
-3.14701 27.6871 21.2146 8 0
-11.2272 7.63353 19.0172 8 0
6.36599 -7.62035 17.309 8 0
11.5324 20.6194 21.5853 8 0
26.732 1.44874 21.6765 8 1
7.43595 25.4626 21.8604 8 1
-0.227364 6.04162 12.4728 8 0
6.00822 5.16396 14.0642 8 0
-8.68972 21.1442 20.7979 8 0
-4.70965 16.3892 20.3237 8 0
-25.211 -18.5233 21.7902 8 1
-25.0743 -23.6775 21.3118 8 1
10.3876 -2.41987 17.8517 8 0
0.415123 12.8435 18.6112 8 0
-1.07943 27.3407 21.1164 8 0
-18.3059 -29.9278 21.2584 8 1
13.202 18.4621 21.1974 8 0
-0.861322 8.72112 15.6662 8 0
13.4236 1.20022 18.9962 8 0
3.20967 7.87541 15.0949 8 0
-9.07133 11.1216 17.8394 8 0
-1.37131 8.42027 16.2767 8 0
-17.7587 20.2507 21.2496 8 1
8.08494 10.7227 18.3122 8 0
4.83175 29.3432 21.4503 8 1
18.0427 30 19.9067 8 0
-9.5002 -4.23654 17.492 8 0
2.56247 11.3159 18.3267 8 0
-1.60124 8.19512 15.7861 8 0
11.8046 14.1504 19.656 8 1
8.97167 -0.774046 15.3577 8 0
7.50752 13.8396 19.7679 8 0
5.62758 29.063 21.294 8 0
24.8089 -29.9683 20.6804 8 1
-28.0798 -3.89473 20.0551 8 1
-26.4941 -10.9741 21.378 8 1
-2.37395 10.6182 17.9382 8 0
-9.88761 -17.2009 19.8067 8 1
-0.908491 3.6368 9.84997 8 0
17.303 -29.0091 21.1507 8 1
6.01434 7.65363 16.4317 8 0
25.2265 -29.1387 21.1476 8 1
4.67674 9.23349 17.2476 8 0
-29.6915 -8.01225 21.0846 8 1
8.61313 7.61729 18.3116 8 0
2.57483 13.8557 19.1211 8 0
-18.5524 -15.5721 21.6702 8 1
19.3979 8.81195 20.9256 8 0
12.2762 8.72989 19.4772 8 0
-21.6981 24.2854 21.7552 8 1
2.89891 -28.4821 21.4594 8 1
-9.58338 -6.59784 18.4286 8 0
0.415902 19.8861 20.5707 8 0
20.8842 -1.61014 20.6958 8 0
21.5594 24.0324 21.4859 8 1
26.4313 9.5835 21.9312 8 1
-1.31064 15.0145 18.9788 8 0
-10.3173 4.62485 18.1045 8 0
-16.9183 10.8796 19.3312 8 1
-26.4092 20.0432 21.4716 8 0
12.5789 21.327 21.6048 8 1
3.16642 -2.51445 10.6474 8 1
11.9264 10.4792 19.6473 8 1
-8.79002 -3.68035 16.6051 8 1
15.1194 12.8171 19.7372 8 0
29.5912 -29.5004 22.2655 8 1
20.1827 -25.1087 20.6988 8 1
29.8121 25.3822 21.8034 8 1
-9.80957 -23.1902 20.7076 8 1
4.39616 4.57701 14.1348 8 0
-9.07507 -18.021 19.0027 8 1
-0.43037 0.456437 4.02337 8 0
-19.7113 28.4928 22.0312 8 1
-28.9254 -1.31522 21.1051 8 1
24.0857 9.11563 19.962 8 1
20.4447 19.5637 21.9583 8 1
-27.1128 -20.6855 21.3574 8 1
14.8634 24.2999 21.1739 8 1
-27.0603 24.6106 21.5212 8 1
21.534 18.516 21.9849 8 1
9.74713 1.85626 16.4516 8 0
-27.4534 -4.97919 21.3145 8 1
10.8344 3.73715 17.5268 8 1
-16.2874 27.6039 21.9049 8 1
26.9063 -25.5766 21.6402 8 1
-21.3919 -25.0182 21.4143 8 1
29.2301 16.2191 21.369 8 1
-21.2395 -22.1384 21.0301 8 1
29.3508 -23.1453 21.6073 8 1
-6.49977 13.2087 19.535 8 0
-28.0414 28.7058 21.2362 8 1
16.2356 8.26076 20.1854 8 0
30 30 19.9504 8 0
-27.3482 28.3585 22.0958 8 1
-14.0618 30 19.9147 8 0
-12.0918 30 20.0051 8 0
-18.9482 29.4688 21.5938 8 1
29.991 29.1276 20.332 8 1
-12.3284 18.4668 21.3687 8 1
-5.18555 4.89864 13.6051 8 0
-0.34712 -7.63306 15.3934 8 1
-1.30036 -29.8816 21.1905 8 1
5.62681 -21.197 20.9884 8 1
20.0009 2.63705 20.3746 8 1
6.50293 -29.9147 21.5224 8 1
19.2687 19.8527 21.0444 8 0
29.9995 -17.7384 20.9838 8 1
-5.48117 -7.28066 16.6532 8 0
19.6832 -28.987 21.2347 8 1
4.2724 8.15399 16.0397 8 0
-12.8634 8.68746 19.3465 9 1
9.3606 4.32522 17.4873 9 0
6.26897 -5.04979 14.7955 9 0
30 -30 19.9504 9 0
7.76444 7.3977 17.6282 9 0
-16.7131 0.535499 20.2914 9 0
11.0277 -24.3399 21.0093 9 1
5.56582 10.0308 17.7361 9 0
-7.32858 5.12469 15.9472 9 0
30 -4.83938 20.2945 9 0
-3.55556 21.2624 21.1687 9 1
17.5236 -8.71434 20.9164 9 0
12.2413 4.77009 18.5042 9 0
8.02571 -4.2458 15.5202 9 0
7.78788 25.5493 21.5618 9 0
5.1696 -30 20.3482 9 0
-24.0755 15.1742 20.399 9 1
-0.977218 8.22378 14.7379 9 0
16.4868 11.2887 20.9943 9 1
8.85145 3.45566 16.6686 9 0
-4.29273 -29.8557 21.2455 9 1
-16.0876 -30 20.0313 9 0
15.1324 8.91798 18.8865 9 0
-30 -10.4744 21.4883 9 0
2.15785 11.2707 17.5395 9 0
-13.6508 12.6366 20.7391 9 1
4.10597 -1.52167 11.0486 9 0
29.8021 -9.32138 21.5312 9 1
29.8621 -27.6427 21.6433 9 1
-1.58843 2.70506 9.31538 9 0
30 28.9014 20.1858 9 0
-8.22729 6.40783 17.4351 9 1
10.6906 -2.04437 17.08 9 0
2.49973 2.21609 9.57446 9 1
6.51825 1.47275 14.5733 9 0
24.8704 -29.9263 20.432 9 1
11.7208 8.81407 19.0941 9 0
3.33463 4.33876 12.8983 9 0
12.3186 6.57535 19.4224 9 0
23.4962 -29.6604 22.1589 9 1
-1.78764 16.3468 19.9187 9 0
-1.86886 -8.70145 15.8288 9 0
17.762 10.8372 20.3163 9 0
-7.75123 5.27617 16.4828 9 0
1.15387 10.2353 16.6668 9 0
16.2538 15.9076 20.4152 9 0
-20.4561 20.4239 21.9863 9 1
0.447018 7.83184 15.3259 9 0
5.9981 5.85387 14.3715 9 0
9.37477 6.80625 17.997 9 1
22.9498 28.9417 20.0448 9 1
-25.0456 -3.15242 20.0011 9 1
-13.656 -27.2897 21.7821 9 1
-7.40915 12.1255 19.1035 9 0
6.95302 15.0679 18.2615 9 0
-8.25861 -19.5182 21.1275 9 1
0.893838 8.57564 15.8603 9 0
-15.3725 -2.0946 19.4206 9 1
-11.0088 13.9546 18.4371 9 1
4.3951 7.15958 15.7407 9 0
0.138853 5.75579 12.4542 9 0
-3.11851 -22.0613 19.5662 9 1
-14.8622 -28.359 21.4943 9 1
-9.10891 -17.2429 19.9435 9 0
9.19467 20.0867 20.0205 9 0
22.4462 -11.5357 21.7714 9 1
9.98467 30 19.7777 9 0
-3.60319 -2.3107 11.2433 9 0
8.36807 29.4052 21.9817 9 1
15.7874 17.0218 20.1247 9 0
5.33298 8.73305 17.2741 9 0
17.1835 9.567 20.7032 9 0
29.7525 -26.493 22.0352 9 1
7.27925 16.0927 19.6874 9 0
16.013 10.2188 19.5415 9 1
-5.70894 -2.21082 13.3096 9 0
24.111 26.2134 20.9444 9 1
23.9144 -8.76756 20.5498 9 1
14.2051 20.4529 21.4148 9 0
-20.5026 22.2148 21.7633 9 1
23.2613 8.92855 20.614 9 1
19.2086 20.8094 20.9891 9 1
2.98738 5.63385 13.4223 9 0
10.4438 12.9386 19.8197 9 0
5.88701 7.71734 16.3302 9 0
-21.4487 -27.8175 21.8145 9 1
13.4526 3.30124 19.3688 9 1
26.9777 -26.6122 21.503 9 1
18.4314 -27.4701 22.1439 9 1
30 -14.5951 21.4491 9 0
25.8135 10.6517 21.424 9 1
-14.3351 -28.7331 21.7698 9 1
-9.00753 -29.9113 19.9584 9 1
14.8821 13.6969 20.3453 9 0
30 3.66702 21.1546 9 0
29.2701 -17.0607 21.0585 9 1
29.7572 -21.0669 20.9882 9 1
-1.64508 -3.56173 10.7715 9 0
3.90572 -3.74904 11.908 9 1
-25.1392 24.1359 20.6597 9 1
23.3272 -5.91412 20.8368 9 1
-11.412 -20.907 21.0378 9 1
24.4321 -20.5635 22.0995 9 1
8.42642 21.3557 21.4706 9 1
12.6304 16.7147 21.048 9 1
-29.9665 24.0025 19.9423 9 1
27.6819 -23.3465 21.9877 9 1
13.5343 16.4315 21.3435 9 0
-13.4613 -26.8294 21.6498 9 1
10.5171 -14.3694 20.6738 9 1
-5.04131 -28.8596 20.1731 9 1
4.10983 5.57955 14.2641 9 0
-16.6698 -7.0465 19.9033 9 1
9.90657 8.52428 18.643 9 0
-5.48498 27.0559 21.343 9 1
20.0396 -16.0422 19.5577 9 1
29.9629 16.6753 21.2642 9 1
-22.7653 -15.6517 21.5311 9 1
18.626 -9.30399 21.0697 9 1
4.70992 20.9839 20.311 9 1
25.5493 29.7856 21.9465 10 1
8.31866 29.3798 21.8881 10 1
14.5762 30 21.4816 10 0
-6.14574 26.3839 21.3505 10 0
6.14278 3.98133 13.3708 10 0
-0.303147 8.19676 15.4482 10 0
0.454437 -11.6988 18.3706 10 0
0.702415 4.45647 11.6182 10 0
-7.98753 -29.2431 20.7609 10 1
30 29.8117 20.6758 10 0
-0.348486 10.6943 17.6839 10 1
-0.406961 -12.4788 18.8954 10 1
-16.7616 30 20.8534 10 0
17.2258 -19.8196 20.8975 10 1
8.957 10.1051 17.3527 10 0
30 30 19.9504 10 0
-1.13695 4.40776 11.3001 10 0
0.125079 -1.50113 5.69198 10 0
9.81692 30 20.466 10 0
7.43785 -2.31524 15.5558 10 0
-30 30 19.9504 10 0
3.78709 5.19465 13.3299 10 0
5.49758 8.6191 17.5865 10 0
22.6636 -26.6434 22.0099 10 1
-3.39495 -5.87121 14.1025 10 0
-0.866858 12.9562 17.2685 10 0
2.63866 2.67516 10.3848 10 0
1.45417 6.64829 14.6196 10 0
-2.37348 15.2457 19.748 10 0
12.2736 29.9952 20.9827 10 1
10.7582 -27.9306 20.8136 10 1
-20.1529 -22.1668 20.7197 10 1
29.8195 -16.7107 21.466 10 1
-5.9923 1.4375 13.3135 10 0
12.1722 15.8037 20.0352 10 0
0.997754 6.78028 13.3184 10 0
2.79469 8.75091 16.1111 10 0
-23.8336 28.3397 21.6283 10 1
27.1401 -8.36377 21.3671 10 1
13.1592 -2.24764 18.3709 10 0
30 30 19.9504 10 0
-11.206 0.696802 17.6583 10 1
8.44564 5.11361 16.8569 10 1
0.907928 0.988457 3.67336 10 0
29.9799 19.7337 21.0329 10 1
0.287634 6.15308 13.1647 10 0
29.8789 10.7461 21.0751 10 1
1.23594 2.16511 7.31306 10 0
28.039 16.4841 21.5296 10 1
5.98649 15.5998 19.7377 10 0
-26.8172 22.6275 21.7115 10 1
8.28712 6.01814 16.5554 10 0
26.9625 -14.8556 20.2487 10 1
0.229527 9.89656 16.1986 10 0
6.79943 0.503801 14.3859 10 0
1.87123 -13.5371 18.9548 10 1
29.8725 -8.91591 20.2938 10 1
-13.6042 -29.5086 22.1081 10 1
1.58412 4.98583 12.106 10 0
28.1951 22.9271 20.7466 10 1
-4.03643 16.6815 19.6316 10 1
8.43283 11.287 19.4264 10 0
28.5263 -12.3387 22.0029 10 1
8.99378 8.34828 17.9579 10 0
30 30 19.9504 10 0
-17.9079 -29.1819 20.6903 10 1
3.34188 -23.0158 20.7206 10 1
21.7306 -4.28433 21.0005 10 1
-28.3539 -16.344 21.9643 10 1
-7.88257 6.20158 16.1947 10 0
26.0822 12.0565 19.906 10 1
5.41449 7.58839 16.9411 10 0
13.1108 9.17648 18.8038 10 0
-1.01934 8.45657 15.7071 10 0
-0.0717268 5.42658 12.4325 10 0
26.714 29.6612 21.9616 10 1
-7.26173 30 20.8749 10 0
-9.71024 13.9617 19.4769 10 1
5.53172 21.9603 20.9107 10 0
28.7086 2.02071 20.9331 10 1
3.51886 14.6553 19.8851 10 0
24.4891 -3.76021 21.4897 10 1
-18.5727 -22.969 21.3688 10 1
-7.86265 -9.3755 18.2033 10 1
-24.5147 -30 21.6327 10 0
3.0929 -1.73048 9.17468 10 0
8.80139 -2.06089 15.2849 10 1
7.31563 16.2644 20.3302 10 0
26.1706 29.9136 20.697 10 1
-0.471947 5.57711 13.2627 10 0
24.3718 29.9766 21.4737 10 1
-0.590105 1.35193 5.99769 10 0
6.92767 8.33565 17.1869 10 0
27.31 1.93793 20.9809 10 1
-27.4498 29.9979 21.6297 10 1
17.773 26.4962 21.8469 10 1
-15.1508 11.9093 19.3679 10 1
29.4065 29.5377 22.2575 10 1
0.65799 8.93427 15.8814 10 0
-3.23791 -1.28925 9.5816 10 0
-10.3106 -10.7219 19.5175 10 1
8.98097 1.37728 16.0372 10 0
28.1532 -20.8875 20.6315 10 1
3.52143 -27.9099 21.4148 10 1
-27.7289 21.5246 22.0074 10 1
-23.5976 -5.62395 21.6055 10 1
7.94038 -7.27906 16.9045 10 1
-5.52033 2.57343 13.8773 10 1
29.873 21.551 21.7268 10 1
-15.3977 -24.0416 21.2792 10 1
1.77427 -2.19854 8.04103 10 1
20.6969 -21.0191 21.0151 10 1
16.929 20.7862 20.5098 10 1
-21.2952 4.48036 21.2677 10 0
-20.5688 26.2321 21.8672 10 1
-3.02496 1.46875 9.28399 10 0
26.3678 -27.754 21.9064 10 1
7.00323 1.66194 14.2237 10 0
0.170971 -3.21905 8.64282 10 1
0.45596 4.68903 11.9329 10 0
29.3113 7.56589 21.9174 11 1
8.29998 -16.5574 20.7245 11 1
-9.15847 15.0396 18.9296 11 0
30 -26.0743 20.0693 11 0
5.28461 23.6015 21.4636 11 1
7.89429 0.818906 14.3799 11 0
29.8884 -6.03978 20.0715 11 1
-18.5949 -30 21.4922 11 0
-12.9032 29.8928 20.2902 11 1
25.3394 27.218 21.7676 11 1
-5.45616 9.9452 17.7078 11 0
3.31263 6.7541 14.9797 11 0
-4.91003 14.1277 18.1471 11 0
8.38831 5.85076 17.0921 11 0
8.46129 26.1429 21.4672 11 0
9.84063 2.18756 16.326 11 0
-28.2536 -5.7899 21.2603 11 1
-1.52673 -18.6248 20.8663 11 1
23.3677 17.0075 21.2061 11 1
30 16.6932 21.1781 11 0
8.19199 15.7478 19.9066 11 0
0.644459 4.92212 11.6639 11 0
-11.696 -0.754282 18.0479 11 1
3.73732 5.27664 13.8193 11 0
-22.1899 -4.08339 20.0417 11 0
-28.4722 -29.9628 21.6664 11 1
29.0789 8.26425 20.9555 11 1
22.5873 -10.0122 21.0362 11 0
14.4395 27.0584 21.4545 11 0
3.00435 8.00919 14.0373 11 0
-18.7326 -25.8063 21.3723 11 1
4.40024 -8.62825 17.163 11 0
-23.2976 9.69452 21.4268 11 0
8.16891 8.46229 18.1434 11 0
7.00431 2.52395 14.7344 11 0
4.16661 7.66905 15.8908 11 0
16.4889 23.2779 21.8078 11 1
-3.70378 -0.843338 9.88779 11 0
6.29834 5.74843 15.8732 11 0
-2.95527 9.65272 16.7074 11 0
-1.90905 6.64636 14.0719 11 0
13.003 3.18702 17.7079 11 0
3.82298 22.8879 20.1407 11 1
10.4185 9.59814 19.5906 11 0
29.9134 29.4246 21.6823 11 1
-0.149727 -15.4469 19.6307 11 1
27.6051 -29.9726 21.5527 11 1
3.88141 1.01059 8.99791 11 1
26.1742 -5.00213 20.1831 11 1
24.7872 29.602 21.8811 11 1
-15.2461 26.2757 21.5116 11 1
-19.0165 -27.1773 20.4847 11 1
1.50168 -25.681 21.7006 11 0
15.8424 -5.30363 19.7198 11 1
-19.7283 -23.0968 21.0374 11 1
-13.963 24.5476 21.3409 11 1
-5.81327 12.9326 18.1113 11 1
-5.11778 4.82667 13.4991 11 0
10.6111 -1.65577 17.823 11 0
13.9687 -2.51222 19.039 11 1
10.663 6.41776 18.7782 11 1
15.8778 8.73733 19.7997 11 0
12.7134 12.5719 20.5537 11 0
4.74868 -3.01016 12.0476 11 0
-22.19 24.4553 21.7872 11 1
1.40474 8.51241 16.4125 11 0
-6.26096 6.09213 15.4357 11 0
10.0956 7.17666 17.3621 11 0
8.42475 3.13234 16.2106 11 0
4.46014 -29.9994 21.4282 11 1
-0.0726147 -28.5388 21.4006 11 1
3.44444 12.1956 18.6472 11 0
-26.8167 12.3129 21.3993 11 1
-5.59178 5.536 15.7415 11 0
6.68013 -10.4182 18.7204 11 1
-9.21606 -25.3196 21.3761 11 1
-19.1342 18.3254 21.1362 11 1
20.5185 25.3088 22.0107 11 1
13.3186 -9.80312 19.8334 11 0
26.0461 1.63387 21.0621 11 1
-1.53934 7.98984 15.3758 11 0
26.8156 -24.3106 21.5838 11 1
11.025 13.8053 19.1316 11 0
-5.57605 4.89066 14.7677 11 0
9.74125 7.53256 18.6167 11 0
-14.7427 29.9995 20.93 11 1
4.30661 29.7502 21.5925 11 1
-26.3073 -7.58236 21.7588 11 1
26.4591 29.469 22.2669 11 1
-29.857 -20.2616 21.2803 11 1
2.92868 7.64104 15.2875 11 0
-1.76435 4.61555 12.0549 11 0
1.90636 5.19829 11.7998 11 0
20.5953 12.4761 21.6508 11 1
3.0581 12.3567 18.2436 11 0
-19.6261 -3.46753 21.0931 11 1
11.8129 -17.4968 20.9727 11 1
-23.0695 4.29392 20.6214 11 1
12.7734 1.90414 17.8736 11 0
-0.558182 -19.5793 21.061 11 1
30 30 19.9504 11 0
-13.3091 29.264 21.708 11 1
4.00108 20.586 20.614 11 1
4.25864 13.8853 18.7368 11 0
-17.4542 -10.6485 21.1487 11 1
-0.591562 6.44849 14.305 11 0
-28.8595 16.4923 21.7028 11 1
-5.97046 -0.260428 12.5465 11 0
-3.30255 12.2143 18.4267 11 0
15.8954 -17.1568 20.0277 11 1
-10.4125 -21.5406 21.6372 11 1
23.6185 20.1329 21.5016 11 1
26.9331 22.7379 21.0617 11 1
-26.0221 23.2283 20.818 11 1
-4.31653 -1.19774 11.1447 11 0
-1.87945 27.7677 20.8075 11 1
1.89045 7.02686 13.163 11 0
9.45357 14.1679 20.127 11 0
30 21.8903 20.1884 11 0
-18.1781 21.6634 21.3915 11 1
28.9423 -29.9148 20.2093 12 1
-29.2619 22.301 21.7852 12 1
3.80891 30 20.4649 12 0
26.3916 14.2853 21.8239 12 1
18.7061 -11.2989 21.0585 12 1
3.57515 6.64378 15.3672 12 0
-12.3694 30 21.3425 12 0
22.9482 -9.92807 19.6175 12 1
30 18.917 20.0423 12 0
-19.0152 -21.5113 21.3744 12 0
-19.4076 5.39091 21.1128 12 1
6.72976 6.73556 16.6185 12 0
28.9943 -18.7907 20.697 12 0
3.18262 6.47616 14.7609 12 0
17.5028 15.8319 21.2321 12 1
1.91005 7.18573 13.8735 12 0
9.02923 10.9593 17.3814 12 0
24.573 -5.47724 21.7604 12 1
-1.94446 6.10282 12.2493 12 0
1.04064 30 19.7571 12 0
-0.156083 8.4006 15.7427 12 0
-20.6182 -13.089 21.0288 12 1
-3.0616 1.75574 8.95921 12 0
-25.3199 12.8002 21.4122 12 1
-1.72527 1.39874 7.49033 12 0
-24.6678 26.1781 21.6228 12 1
4.55019 9.32436 17.611 12 0
1.53098 11.0769 17.6512 12 0
-10.3391 -25.505 21.845 12 1
-0.779588 -15.6756 19.6698 12 0
29.9462 29.3569 21.4909 12 1
3.85634 5.86864 13.3963 12 0
-0.81517 0.986679 4.02121 12 0
18.3594 -21.169 21.4092 12 1
-25.3327 -29.8987 21.4736 12 1
-29.6158 -29.357 22.1592 12 1
15.3099 -22.7693 21.4214 12 1
29.6333 -12.763 21.7641 12 1
6.88896 11.829 17.9708 12 0
-0.0435872 11.1705 16.5414 12 0
9.5844 6.3574 18.3107 12 0
-15.7862 -3.88714 19.0756 12 1
30 30 19.9504 12 0
-29.5267 22.9159 21.6764 12 1
3.80783 6.51243 15.1111 12 0
1.12279 -16.4808 19.9131 12 1
5.46972 9.21612 17.6446 12 0
17.2489 8.76098 20.3831 12 0
29.9873 -24.4314 21.589 12 1
29.8053 29.1395 21.0306 12 1
8.85467 14.8727 19.0652 12 0
5.68615 8.48142 17.4983 12 0
-7.0932 29.7139 21.0969 12 1
22.8484 10.6446 21.1697 12 1
2.02525 7.02782 12.9282 12 0
7.63526 7.26653 17.5311 12 0
4.03331 7.57848 15.7288 12 0
-8.99359 -20.6323 20.7124 12 0
-13.2887 -29.4789 21.9717 12 1
-8.29744 17.4523 20.8822 12 1
13.2456 11.7402 20.0985 12 0
27.7144 -15.9829 21.03 12 1
30 -9.68224 21.1455 12 0
-0.255946 8.3356 15.8092 12 0
-6.54393 29.9068 21.5171 12 1
29.9588 23.8121 20.6681 12 1
22.8668 10.0457 19.8757 12 1
8.27314 2.77455 15.8916 12 0
2.90504 2.83848 9.4884 12 0
-1.03241 -28.1839 20.3513 12 1
-27.7836 26.0588 20.8568 12 1
5.98937 10.2314 17.2326 12 0
4.55607 7.11438 15.7515 12 0
-20.8693 17.8189 20.5715 12 1
29.7896 29.9341 20.8799 12 1
29.9835 -10.8127 20.5055 12 1
3.23339 8.66701 16.491 12 0
-13.5488 -4.56297 19.6786 12 1
3.77516 2.21736 10.7526 12 0
29.2553 -18.8371 21.2966 12 1
2.79898 28.6446 21.5213 12 1
10.4189 6.46577 18.7906 12 0
-3.55748 -24.819 21.3686 12 1
-0.774846 6.46476 14.0907 12 0
8.60617 10.1465 18.7573 12 0
20.6895 -18.7225 21.5694 12 1
-1.21279 8.05658 14.6053 12 0
-6.2151 11.0132 17.5387 12 0
11.3845 9.19603 19.3813 12 0
-7.27225 4.90498 15.5232 12 0
-4.43042 30 21.3957 12 0
-22.8571 24.7972 20.968 12 1
8.12411 8.40969 17.9552 12 0
-11.2609 15.2921 20.5069 12 1
3.43468 16.1055 19.8326 12 0
21.5928 -26.6375 22.0855 12 1
14.6699 16.4064 21.3102 12 0
0.416018 27.5812 21.8942 12 1
12.6708 8.99779 19.1987 12 0
26.7318 16.0556 20.9644 12 1
0.975123 6.44186 13.7318 12 0
-28.2357 12.6265 21.7295 12 1
11.6465 -25.9311 21.196 12 1
9.19337 14.3951 20.1303 12 0
-0.816285 6.00477 12.2118 12 0
1.27908 -29.0111 20.8854 12 1
26.6969 14.5089 21.9308 12 1
3.44193 26.1436 21.3834 12 1
-2.9905 10.9515 16.0484 12 0
7.33442 11.645 19.2906 12 0
-12.9348 -0.946421 16.9873 12 1
21.9041 -1.61802 20.7786 12 1
-16.8818 -20.663 21.1444 12 1
4.31355 11.1736 18.0049 12 1
27.7023 -19.1017 21.2579 12 1
-27.0531 -13.2232 20.6914 12 1
-13.1905 -19.6723 21.0671 12 0
11.755 -10.5139 19.9512 12 1
-4.71492 0.636717 11.8665 12 1
27.419 15.6356 22.023 12 1
-14.513 -14.4397 21.2308 13 1
30 30 19.9504 13 0
-2.44625 9.47735 17.3276 13 0
-27.1932 30 20.6898 13 0
-15.3263 21.8265 21.2573 13 0
2.39555 1.14895 8.07735 13 0
-28.4126 28.405 22.2184 13 1
10.5004 30 21.495 13 0
11.5422 -25.5796 21.9423 13 1
29.6234 5.03867 21.2961 13 1
4.87852 5.68574 14.6065 13 0
-23.878 -29.79 21.0045 13 1
-2.64934 -20.5528 21.1872 13 1
30 -16.4792 21.556 13 0
-28.4702 -16.7075 21.9943 13 1
6.4194 0.471525 14.2753 13 0
18.8457 29.3592 21.6077 13 1
2.84643 6.70252 14.4291 13 0
1.77556 2.35452 8.74019 13 0
2.54211 -2.11248 9.28345 13 0
2.07556 5.12021 11.3174 13 0
29.7134 -18.0489 21.1346 13 1
-8.37446 15.5797 20.6255 13 1
29.1096 24.2944 21.3428 13 1
16.3486 27.469 22.0427 13 1
0.421764 9.46744 17.0881 13 0
5.27575 5.38292 15.1932 13 0
7.11493 7.28826 16.6898 13 0
7.31745 2.46282 15.5061 13 0
8.5632 8.90079 18.2851 13 0
-9.32537 26.9389 21.0977 13 1
-5.03506 9.0255 15.4124 13 0
5.40023 9.70811 17.9761 13 0
21.3574 -27.0794 21.4308 13 1
4.48491 0.333367 11.6569 13 0
7.9298 1.66383 15.1446 13 0
-28.9934 -29.9999 19.9464 13 1
4.25515 6.28693 15.0058 13 0
6.2665 15.4823 20.2561 13 0
10.8046 10.665 19.4643 13 0
-3.14322 13.247 18.4245 13 0
-8.62326 -2.6515 16.6111 13 0
9.84191 6.66853 17.9671 13 0
26.2751 30 21.123 13 0
-29.8939 13.1146 20.3633 13 1
1.35867 6.57573 14.5126 13 0
2.00286 6.98478 12.8492 13 0
28.1175 -21.3044 21.3581 13 1
9.51852 8.76323 18.8748 13 0
22.2189 11.4081 21.4088 13 0
2.11843 13.7452 18.4971 13 0
23.2944 -18.0677 21.0349 13 1
8.44313 8.85104 18.3302 13 0
-26.7087 10.2642 21.5274 13 1
9.40054 7.69535 18.5667 13 0
14.0302 -28.7197 21.014 13 1
0.903866 19.5321 20.5344 13 1
29.0533 -29.8488 20.5181 13 1
9.54208 8.6862 18.9856 13 0
-1.30468 6.79811 14.2235 13 0
14.6988 27.0754 21.1299 13 1
29.9134 27.8471 20.6141 13 1
-1.5139 4.2259 11.4624 13 0
28.9477 2.47277 21.4089 13 1
1.41185 7.45533 15.475 13 0
-13.421 16.1999 20.9454 13 1
3.94949 8.20261 15.3369 13 0
4.72303 5.56267 15.0131 13 0
19.7968 -26.2007 21.1795 13 0
0.388153 8.46753 16.2684 13 0
12.3884 12.0654 19.9054 13 1
6.00096 13.2669 18.6037 13 0
29.7644 8.26657 21.4715 13 1
-4.32431 11.9065 18.1734 13 0
-8.25475 21.369 21.2336 13 1
-29.9902 -2.97418 19.7385 13 1
11.9211 -13.094 18.732 13 1
-14.2408 -15.7477 20.7032 13 1
1.3037 2.49299 8.7689 13 0
0.496019 28.1751 21.5855 13 1
5.86091 11.5691 18.6474 13 0
14.0673 -11.9633 18.6827 13 1
5.7108 -27.4632 21.7956 13 1
-26.0091 29.9504 19.9937 13 1
14.4212 29.2941 21.959 13 1
-1.15437 -6.72734 13.865 13 1
19.7715 22.4183 21.7345 13 1
20.0031 -11.7887 20.1092 13 0
-29.1481 -16.9307 20.4269 13 1
4.49845 7.42702 16.4732 13 0
-25.5659 -29.9282 21.6496 13 1
22.8027 20.6315 21.6215 13 1
-26.738 -25.3139 21.8164 13 1
2.66616 -29.9937 21.1536 13 1
7.97999 8.15281 16.5465 13 0
6.89077 -17.8136 19.5872 13 1
2.05433 4.36591 11.4616 13 0
-12.732 30 20.9609 13 0
-0.560043 2.20751 7.50865 13 0
28.6162 -29.0742 21.5788 13 1
5.37915 15.5183 20.3347 13 1
28.7486 18.6355 21.845 13 1
-26.5981 8.1733 21.4889 13 1
-28.8961 -28.8851 20.4914 13 1
-28.1317 -19.3606 21.5401 13 1
15.7939 29.3689 21.7235 13 1
29.6236 26.1455 21.6937 13 1
18.6863 28.5916 22.0177 13 1
5.2716 10.7247 18.1645 13 0
-6.93408 -8.96992 16.1113 13 0
2.29869 5.84422 13.3528 13 0
0.529934 4.4072 11.6395 13 0
20.2608 -28.6152 21.9133 13 1
2.2441 6.7787 14.3183 13 0
27.8868 5.80597 20.6272 13 1
30 30 19.9504 13 0
9.36734 22.6499 21.5612 13 1
-12.9805 4.95253 17.2656 13 1
27.2523 29.9016 21.1604 13 1
-13.5411 -18.4718 21.5573 13 1
-9.80147 12.4878 19.8878 14 1
30 -30 19.9504 14 0
8.7823 1.17076 15.601 14 0
29.8933 -29.12 20.5331 14 1
-26.6367 11.0947 21.2892 14 1
7.03953 12.4682 19.0835 14 0
-3.98352 -18.5677 20.312 14 0
-2.40221 4.06384 11.4065 14 0
6.89514 2.47003 14.7108 14 0
-18.9892 29.9624 19.9079 14 1
-27.8051 4.91727 20.5207 14 1
-10.7323 27.7789 21.3864 14 1
-18.1536 21.3481 21.3427 14 1
30 -17.4088 21.4871 14 0
-25.7492 29.9908 21.0005 14 1
-26.3933 29.9734 21.5412 14 1
0.764961 6.84648 13.7754 14 0
-25.8843 -17.1263 20.4066 14 1
30 2.9292 19.8475 14 0
1.02089 7.12397 13.1471 14 0
-15.2612 8.553 20.4316 14 0
20.4861 -6.22943 21.102 14 1
1.3193 5.37559 13.0077 14 0
5.16884 4.41613 14.243 14 0
5.4367 8.22628 17.0798 14 0
0.45116 7.01587 14.2971 14 0
0.80952 9.58194 16.8078 14 0
-0.027925 2.7904 7.38487 14 0
-28.4432 -26.489 22.2562 14 1
0.435628 4.2022 10.982 14 0
-24.0372 -3.50858 21.0868 14 1
-29.786 27.9015 20.975 14 1
-21.9759 30 19.9115 14 0
30 -19.3793 21.4434 14 0
-29.1998 5.83976 20.8961 14 1
11.49 -29.9612 21.5181 14 1
8.49896 29.861 21.6343 14 1
14.56 17.5236 21.5377 14 1
-2.1743 4.36127 11.7671 14 0
16.2827 27.4543 21.9402 14 1
-2.06119 3.72934 10.2806 14 0
3.36555 5.91199 13.9782 14 0
-29.9948 20.4714 21.5928 14 1
21.3058 24.5899 21.9654 14 0
6.92793 3.77169 14.4856 14 0
1.35267 9.76876 16.9749 14 0
-21.197 -22.0098 20.5128 14 1
-18.2608 29.9744 20.9951 14 1
-30 -13.6584 21.2733 14 0
1.89793 6.98011 13.0762 14 0
-4.12056 -3.78892 12.0332 14 1
-6.61304 12.106 18.861 14 1
3.9906 5.97627 12.7786 14 0
9.6552 9.8633 18.8312 14 0
17.6423 8.07696 20.2938 14 0
-28.4651 -2.592 21.9633 14 1
-18.1372 18.838 20.4222 14 1
29.9982 -11.8336 20.3907 14 1
2.03696 2.09459 7.02594 14 0
1.63977 8.61228 16.433 14 0
2.6683 3.28378 11.0202 14 0
-25.3839 -29.9758 21.5118 14 1
3.33635 1.09528 9.37892 14 0
8.10371 -1.80896 14.7537 14 1
4.68203 7.31738 16.2019 14 0
-21.2128 30 20.7565 14 0
6.89568 10.8972 17.2739 14 0
28.0963 -5.3875 21.3368 14 1
6.17957 5.35077 15.502 14 0
-30 -2.26418 20.8574 14 0
17.314 -12.8338 20.7118 14 1
-22.2097 -29.8543 21.0777 14 1
15.6828 20.7855 21.3048 14 1
21.725 -3.09137 20.4129 14 1
3.85462 3.18621 11.2086 14 0
-0.492838 6.15026 13.5471 14 0
28.3201 -5.26251 21.6012 14 1
11.7386 9.8372 19.1735 14 0
-27.3698 26.3114 22.0364 14 1
26.879 26.5476 21.7316 14 1
3.97093 8.07547 14.5654 14 0
7.90412 -24.9731 19.7544 14 1
8.57839 11.0844 18.9721 14 0
24.4568 -7.20816 21.4716 14 1
28.6056 -2.29985 21.7947 14 1
-28.8502 -23.9308 20.5062 14 1
-25.1368 -12.1101 20.2947 14 1
-2.75289 -28.9528 20.7633 14 1
11.3366 3.3667 18.4101 14 0
23.9013 -21.9294 20.1551 14 1
-18.5383 30 21.5673 14 0
7.5504 4.70181 16.4976 14 0
-2.86006 29.9558 20.2098 14 1
-5.51154 21.606 21.4543 14 1
9.22899 6.67766 17.867 14 0
-2.63369 1.34518 9.01355 14 0
3.35081 7.38202 15.8489 14 0
7.55882 10.404 19.0579 14 0
-29.3392 3.9518 21.1789 14 1
-25.5823 -25.7218 22.0072 14 1
-29.3858 15.4544 22.1108 14 1
14.0506 18.889 19.6432 14 0
-9.57768 28.7751 21.7484 14 1
-0.646169 10.0916 16.8095 14 0
4.34009 16.9884 19.7836 14 1
27.0312 22.5254 21.5835 14 1
-23.5509 -23.1912 21.7864 14 1
-12.8776 -28.2269 20.93 14 1
1.98052 6.99781 12.8595 14 0
0.466195 4.52308 11.8305 14 0
-0.501075 1.08583 4.89866 14 0
-21.8644 4.70291 20.6707 14 1
-28.8891 29.7129 21.3541 14 1
5.20128 4.39829 14.3074 14 0
29.1076 12.6905 21.2637 14 1
2.00168 5.0778 10.9119 14 0
-30 0.932747 19.8302 14 0
6.3917 26.4537 21.8722 14 1
29.8408 25.9722 20.5005 14 1
7.55309 27.6781 21.8711 14 1
-2.47485 2.11404 9.20664 15 0
7.01093 3.56236 15.1038 15 0
30 -9.28342 20.9971 15 0
6.66494 6.09702 15.9754 15 0
1.93272 5.80969 12.4099 15 0
24.5969 23.5933 22.1195 15 1
0.363073 3.3819 9.85598 15 0
-30 30 19.9504 15 0
2.24145 3.755 10.8993 15 0
30 -7.70516 21.0331 15 0
3.11768 4.6557 12.5688 15 0
5.93677 5.41134 15.2591 15 0
0.811783 4.27994 10.8165 15 0
2.12185 3.0147 8.48472 15 0
15.4915 30 21.5488 15 0
-21.4254 26.6794 22.0435 15 1
3.50833 6.01753 14.2524 15 0
3.38167 0.10934 9.30522 15 0
-9.54995 19.0886 20.7906 15 1
0.318672 2.69362 8.40797 15 0
4.34213 3.36702 12.9792 15 0
-12.312 24.2045 21.3363 15 1
2.26644 5.37699 13.2915 15 0
26.3846 28.3935 22.1703 15 1
-30 30 19.9504 15 0
2.87273 9.18628 15.8694 15 1
3.68523 4.91628 13.0659 15 0
7.91561 13.1176 18.1993 15 0
0.445361 6.72925 14.4272 15 0
0.734101 7.91452 14.7574 15 0
-18.9349 16.9611 19.599 15 1
3.01432 4.883 11.4506 15 0
8.44559 11.1872 19.2067 15 0
-9.36712 -21.1069 20.8975 15 1
-21.4554 -6.283 21.3132 15 1
-3.98713 6.6826 14.7239 15 0
-1.0481 4.8341 10.708 15 0
3.89408 7.49354 15.7608 15 0
12.5761 9.23484 19.8439 15 0
30 30 19.9504 15 0
-2.80903 10.0941 16.3581 15 0
6.60221 24.0725 21.0823 15 1
2.11587 4.93679 11.0579 15 0
-28.8316 -4.68237 21.357 15 1
3.14928 4.52097 12.724 15 0
30 -16.7276 21.0261 15 0
28.8342 0.121553 20.5327 15 1
21.6625 -1.50819 21.3234 15 1
5.19963 3.68006 13.6495 15 0
-26.1864 -18.6721 21.5463 15 1
-22.6579 21.9387 21.2781 15 1
-3.18978 28.8875 20.6308 15 1
-21.9148 29.9475 20.1459 15 1
6.79761 27.9548 20.5037 15 1
7.44732 3.62537 16.0815 15 0
0.148634 3.28628 8.95598 15 0
2.40625 5.3185 13.4228 15 0
-13.0159 -18.7186 20.4316 15 0
1.47231 5.56317 13.4698 15 0
30 10.5011 21.495 15 0
9.02106 26.319 20.9965 15 1
11.5198 7.25335 19.1988 15 0
29.5922 -5.99221 21.3543 15 1
30 2.69614 21.0392 15 0
-23.4389 30 21.5895 15 0
-5.73385 1.57591 13.4827 15 1
2.02277 7.98331 13.7809 15 0
2.36593 14.0317 18.8747 15 1
-1.89081 -2.74877 8.77431 15 1
-3.09447 4.04383 10.5355 15 0
2.79832 -0.0064888 7.34095 15 0
27.5859 3.77142 21.6319 15 1
15.5783 28.7876 21.7995 15 1
1.41813 8.42225 16.3254 15 0
12.2046 29.9925 20.6165 15 1
-11.4452 24.4305 21.8806 15 1
-29.6184 -14.3328 21.9878 15 1
24.4222 16.6126 21.9716 15 1
-29.0464 -2.03314 19.7597 15 1
29.847 -28.9628 20.497 15 1
29.7123 20.5854 22.0191 15 1
-5.85907 10.2189 17.4258 15 1
10.8507 14.5148 20.3596 15 1
29.9977 -27.5033 21.6549 15 1
30 9.70649 21.0463 15 0
-28.8332 28.9163 20.6784 15 1
-4.22202 -15.0157 18.7203 15 1
17.3719 -14.5434 21.4694 15 1
-24.6427 -11.5447 21.8393 15 1
-29.9699 9.92601 19.9333 15 1
-1.87575 4.47587 11.7796 15 0
11.3379 -21.687 21.4558 15 1
22.6899 24.5002 22.0361 15 1
1.61709 2.38152 8.92889 15 0
-29.6083 -11.9904 21.3832 15 1
-3.62165 27.3958 21.8479 15 1
0.743584 -0.258171 3.86995 15 1
11.4904 10.1731 19.6698 15 0
16.3835 -24.7211 21.7867 15 1
24.8277 19.0475 20.4397 15 1
2.46861 6.52734 14.8896 15 0
-4.83361 -12.1677 17.9331 15 0
-9.25653 20.6387 21.192 15 1
5.52806 -0.774213 12.9767 15 0
1.10389 1.52459 6.48475 15 0
-27.6631 26.5267 22.1586 15 1
29.4213 29.4741 22.2698 15 1
-25.9427 -7.9552 19.706 15 1
28.3745 -6.04674 21.2533 15 1
-28.5728 -8.00241 21.3645 15 1
4.99951 8.59244 16.7298 15 0
18.7711 28.2531 21.4954 15 1
18.3949 12.592 21.4203 15 1
9.75196 14.2946 20.1112 15 1
11.3995 7.57446 19.4039 15 1
27.0617 -5.18815 20.3922 15 1
5.67068 5.32455 15.433 15 0
10.8991 -13.6001 20.0192 15 1
29.4464 20.1701 21.7962 15 1
5.18935 7.96372 15.5434 15 0
29.4952 -29.1801 21.9113 16 1
-6.90513 -24.1686 20.2146 16 1
7.76398 21.3063 21.03 16 0
3.75973 2.73459 11.3727 16 0
3.89799 2.84981 10.6129 16 0
-23.2204 30 20.8165 16 0
-11.6521 -21.706 21.4508 16 0
1.08947 7.91372 13.913 16 1
4.55406 5.95748 14.7816 16 0
1.47188 -19.6568 21.0233 16 0
-2.46559 15.6146 20.1583 16 1
1.42329 10.3394 17.6553 16 0
0.371897 3.19954 9.20966 16 0
-23.1617 -4.42921 21.1774 16 1
-7.05045 29.937 19.9092 16 1
5.20765 -4.64616 14.4224 16 1
2.42938 3.29651 10.9592 16 0
30 15.6732 21.2442 16 0
29.8986 28.0613 20.2818 16 1
3.40619 6.11979 14.3399 16 0
-18.5686 14.0028 20.9257 16 1
-28.3977 -10.0971 21.4268 16 1
6.40705 2.84212 14.4297 16 0
-8.91023 -7.3233 17.5821 16 1
-3.99727 -10.0469 15.7237 16 1
30 -9.13572 20.1903 16 0
4.31665 5.56655 14.8159 16 0
0.00104332 2.99892 6.91304 16 0
12.7862 25.4658 21.676 16 1
10.8028 29.904 20.7186 16 1
5.31459 6.40092 16.0048 16 0
9.08469 1.99476 14.8148 16 1
-26.1005 28.2723 21.2351 16 1
-8.30663 26.76 21.4711 16 0
7.61997 7.91566 17.4204 16 0
29.6129 7.5574 22.0243 16 1
-0.951888 3.7923 9.37531 16 0
0.0465178 4.77203 10.8047 16 0
0.671785 5.25432 12.4835 16 0
-1.18517 0.396103 5.13857 16 0
26.5665 -23.1735 21.7838 16 1
0.940184 7.85186 14.0357 16 0
29.5187 -12.9399 21.54 16 1
-18.0767 26.7907 20.7436 16 1
6.43528 3.22219 14.8013 16 0
16.5636 -2.77011 20.186 16 1
-19.2773 1.72802 20.5662 16 0
28.257 20.7997 21.4377 16 1
29.4005 28.742 22.0084 16 1
22.6058 18.9375 21.3386 16 1
19.6335 -28.0706 21.4363 16 1
29.9938 -26.5785 21.5881 16 1
-26.3231 -29.9136 21.4174 16 1
0.00297689 2.88279 7.02684 16 0
8.95501 9.75722 17.9915 16 0
-29.9374 20.0044 19.9794 16 1
-29.9998 22.5191 21.6153 16 1
2.98166 3.48131 11.2587 16 0
-1.10295 8.01628 13.899 16 0
1.37891 4.22385 11.2935 16 0
-29.5085 -29.3284 22.1834 16 1
-1.103 7.10228 13.2571 16 0
2.32641 8.15256 15.6301 16 0
30 -13.7013 21.1116 16 0
1.30594 7.88426 15.0358 16 0
-25.5252 28.6999 22.1079 16 1
-0.0561948 6.98746 12.6418 16 0
-2.00044 -29.4638 21.3983 16 1
9.04653 27.2986 20.9869 16 1
4.67523 5.62025 15.0516 16 0
3.66903 9.65526 17.4847 16 0
3.7246 1.72887 10.6639 16 0
5.67334 9.33928 17.8457 16 0
11.8394 19.5764 21.0939 16 0
27.3882 28.0996 21.6166 16 1
12.075 -27.4171 21.4173 16 1
13.6164 1.17603 18.9611 16 1
28.057 -6.73276 20.8671 16 1
30 30 19.9504 16 0
0.970637 5.48293 12.6239 16 0
5.10384 5.34806 14.5734 16 0
-10.7218 27.2353 21.4407 16 1
0.571775 8.30002 16.0054 16 0
10.1421 9.70537 18.7797 16 0
-29.815 0.324776 21.4507 16 1
0.955898 3.40687 9.52643 16 0
3.18854 6.48293 14.7844 16 0
15.9786 3.07632 18.1579 16 1
16.4664 9.56795 20.976 16 0
-19.0602 -15.2512 20.4996 16 1
3.38393 5.81788 14.1505 16 0
-24.9797 -3.46161 21.1427 16 1
5.89704 9.28561 17.1633 16 0
-4.97508 4.82103 13.1767 16 0
29.9183 2.35139 21.2832 16 1
27.6712 29.7161 21.9448 16 1
5.32722 11.4525 18.8755 16 0
-27.5298 -20.7575 21.9393 16 1
1.65528 7.36358 15.2953 16 0
25.7573 17.5409 21.8435 16 1
7.20982 -11.4647 19.0767 16 1
-29.9994 -29.7011 21.2497 16 1
4.90713 7.43811 16.0907 16 0
-5.34303 20.9831 20.5349 16 1
16.4098 -29.833 21.7149 16 1
1.98499 5.11144 11.0972 16 0
-26.4725 -29.9817 21.6442 16 1
29.9672 -17.6374 21.3931 16 1
1.61306 5.48372 13.3904 16 0
-12.6316 23.933 21.1579 16 1
4.59359 7.28316 16.2055 16 0
-1.3728 -14.1932 19.2157 16 1
28.3399 9.60417 21.9131 16 1
-18.4773 30 21.5761 16 0
-6.99531 -11.6454 18.5752 16 1
1.78533 4.45481 11.8821 16 0
-26.9283 -7.24207 20.7227 16 1
-28.7856 29.9794 20.8276 16 1
-29.9404 21.5664 21.6017 16 1
-16.0395 -12.1849 19.5787 16 1
-22.9063 12.9837 19.7432 17 1
-0.406574 4.86279 11.7747 17 0
-4.84377 30 20.2695 17 0
5.24001 -14.3335 19.6044 17 1
27.4196 30 21.59 17 0
-7.82162 -22.9509 20.0684 17 0
5.00167 4.20407 12.8791 17 0
30 -21.5136 21.6084 17 0
-1.32169 3.73075 10.5338 17 0
26.8842 13.2425 20.9424 17 1
-27.5416 -27.8239 21.8676 17 1
-13.6535 -4.70965 19.4609 17 1
17.37 -29.5458 22.1216 17 1
21.6606 6.4385 21.4174 17 1
-29.9948 19.9783 19.891 17 1
27.4645 26.0322 21.6213 17 1
-19.6168 -17.492 21.8134 17 1
18.1843 -8.30686 20.5088 17 1
1.73257 5.78341 13.1517 17 0
8.1114 -16.0789 18.8762 17 0
29.6404 18.5493 22.1238 17 1
5.15857 29.7145 21.2625 17 1
3.92384 3.07809 10.4163 17 0
23.3383 13.5524 21.7995 17 1
2.16637 4.87166 11.4923 17 0
-29.8722 -28.8924 20.5718 17 1
30 -2.43285 21.39 17 1
-29.9483 28.6931 21.3133 17 1
27.9612 -24.4469 21.6007 17 1
2.05073 4.99213 10.7462 17 0
2.44088 5.8248 13.744 17 0
21.379 -16.4934 21.8567 17 0
5.76626 6.12521 15.134 17 0
-14.8702 -30 20.2201 17 1
3.12138 5.08079 11.8904 17 0
6.08341 11.2748 18.0245 17 0
1.58469 6.46103 14.5119 17 0
28.1769 27.613 21.7885 17 1
27.9811 -29.9713 19.9709 17 1
-12.7145 -29.6494 21.8433 17 1
6.07666 5.30596 15.0163 17 0
6.26213 8.90643 16.9702 17 0
0.600966 8.40433 16.2009 17 0
7.01602 3.72675 14.6864 17 0
3.55102 30 21.4135 17 0
-29.5571 3.54979 22.0323 17 1
-28.9709 6.78355 20.6054 17 1
1.27408 5.05106 11.654 17 0
1.55997 4.95605 12.1099 17 0
20.6455 -20.4061 21.9021 17 1
1.26668 3.96029 10.0691 17 0
-3.45627 5.70813 14.3919 17 0
29.9939 9.1703 20.386 17 1
4.92149 -22.0785 19.4896 17 1
4.63164 3.65058 13.5001 17 0
0.160954 4.9976 10.7075 17 0
9.38151 5.49016 17.9985 17 1
-22.9244 13.7945 20.4727 17 1
4.52815 8.30784 16.9596 17 0
19.5054 29.4036 22.18 17 1
1.69711 3.18872 9.69352 17 0
-3.71102 29.5391 21.8761 17 1
-0.627398 6.27659 13.8725 17 1
-10.5433 -19.377 21.403 17 1
3.69714 5.4218 14.2652 17 0
9.4206 8.6212 18.983 17 0
1.45059 7.63375 15.6085 17 0
2.72547 4.84228 12.3854 17 0
29.9457 26.8494 20.5049 17 1
2.10107 14.3393 18.996 17 1
-23.6291 -12.3427 21.719 17 1
-27.1888 29.9104 20.8112 17 1
2.49233 6.0756 13.8703 17 0
-0.667013 3.20681 9.24183 17 0
5.839 3.84192 13.5624 17 0
-15.1843 1.69782 19.3731 17 0
23.6959 26.5325 22.0689 17 1
-26.8054 0.211361 20.9294 17 1
0.68937 4.68237 11.8015 17 0
-14.3653 26.3279 21.863 17 1
29.7419 19.4733 21.9917 17 1
13.6681 -24.8668 21.2637 17 1
9.31424 29.1616 21.3852 17 1
-24.7187 -7.64418 21.537 17 0
-3.2421 -12.2392 18.3207 17 0
30 -17.6828 21.2296 17 0
3.18048 6.82769 14.263 17 0
9.84466 8.69003 18.4947 17 0
28.2154 10.1281 20.8547 17 1
21.015 28.5567 21.5559 17 1
3.33082 6.70426 15.0996 17 0
-24.9875 -11.2115 20.4468 17 1
8.22558 8.13874 17.3358 17 0
24.738 -20.3015 21.6801 17 1
2.24047 3.49295 10.9716 17 0
5.09571 6.48143 15.5668 17 0
30 21.1923 20.6385 17 0
3.84855 7.09964 14.3307 17 0
6.77396 4.93309 14.9025 17 0
0.264361 1.53845 6.09179 17 0
-26.0685 27.1477 20.4948 17 1
-0.401004 3.30145 9.65407 17 0
2.19449 5.38454 13.1138 17 0
26.8904 -20.8841 20.4194 17 1
25.5344 -27.688 22.1135 17 1
-2.92444 16.9882 18.4028 17 1
-4.91471 30 19.9124 17 0
-26.3986 16.5502 22.0583 17 1
-28.8845 -27.8715 20.5958 17 1
22.7887 -10.5327 21.4528 17 1
1.7422 4.94953 11.6265 17 0
-29.8384 22.1541 20.8861 17 1
2.23918 4.2346 11.4742 17 0
-12.0757 6.66542 18.6641 17 1
22.7205 -14.2237 21.2766 17 1
7.98664 10.1625 17.3659 17 0
-2.81087 25.2957 21.1255 17 1
-21.0598 -25.9772 19.93 17 1
1.12054 6.57522 14.0099 17 0
-4.21843 24.2337 20.9399 17 1
28.3195 -25.5561 22.1212 18 1
11.231 21.9139 20.4744 18 1
-3.57471 -29.9996 21.3838 18 1
5.67778 5.10588 14.7353 18 0
-9.60545 30 21.3742 18 0
1.54009 5.53963 13.4694 18 0
5.58482 3.58339 14.4717 18 0
21.9112 -30 20.0939 18 0
29.9948 26.9019 20.1727 18 1
28.3125 16.517 22.022 18 1
3.12479 6.39045 14.4364 18 0
15.4256 -15.1277 20.8705 18 0
-30 -17.0655 19.9595 18 0
14.8084 24.5065 21.6436 18 1
27.8629 30 20.3738 18 0
3.50308 3.51487 12.4357 18 0
29.9267 6.03454 19.9013 18 1
1.18278 4.71181 11.5669 18 0
11.6933 -29.9425 21.1651 18 1
4.22162 3.95525 12.1265 18 0
1.10556 30 19.9868 18 0
4.44182 3.0031 12.3152 18 0
-11.6081 30 21.3894 18 0
3.53912 9.68638 17.5594 18 0
1.59382 5.90201 13.301 18 0
4.63365 4.86639 13.9856 18 0
29.9911 17.5532 21.5442 18 1
4.80804 7.59735 16.3164 18 0
-0.0197754 5.34463 12.0849 18 1
2.99746 6.14992 12.9056 18 0
-29.9701 16.0391 19.9005 18 1
0.915869 7.66872 14.8028 18 0
3.57351 5.82664 14.3054 18 0
2.37647 5.28392 13.2743 18 0
9.44737 8.67124 18.9652 18 0
6.06594 0.295182 12.8716 18 0
18.1807 28.6238 21.6883 18 1
29.9578 20.3659 21.4377 18 1
30 26.6785 21.323 18 0
2.45061 5.42779 13.7069 18 0
28.0971 21.157 20.595 18 1
-1.47096 8.86252 16.2582 18 0
2.04501 5.85468 12.2038 18 0
2.43152 3.37229 11.1606 18 0
0.707223 3.95283 9.97131 18 0
-19.9186 -9.94013 19.3976 18 1
23.279 -23.2368 21.5755 18 1
1.12624 8.49166 15.9008 18 0
-29.5449 -26.9682 21.6385 18 1
14.7581 17.4376 21.2815 18 1
21.3738 -28.1563 21.654 18 0
-0.548441 4.5604 11.883 18 0
-28.9715 -6.23622 20.7078 18 1
2.06207 5.20595 11.838 18 0
18.4298 -29.9952 21.5318 18 1
4.21709 5.70487 14.4214 18 0
5.69107 4.74161 14.8898 18 0
-2.72464 5.78531 13.5911 18 1
-12.3016 10.9935 19.3734 18 1
4.32453 2.70971 12.2959 18 0
14.0547 -13.5716 20.4356 18 1
5.20547 4.28575 13.9839 18 0
9.25293 9.92207 18.2418 18 0
29.9856 -23.7687 20.8846 18 1
18.4151 -9.13936 20.7303 18 1
-24.0737 30 20.0527 18 0
-3.87958 -29.9997 20.0692 18 1
-29.5107 -29.9194 21.7255 18 1
1.84011 5.28298 12.472 18 0
27.7347 3.97348 20.7772 18 1
-24.7478 -12.965 20.7159 18 1
-28.4834 -22.1997 21.8867 18 0
-13.7328 -18.6876 21.1827 18 1
-25.9956 20.2519 20.8905 18 1
29.9718 -29.8928 20.2498 18 1
24.4622 -6.59652 21.7546 18 1
-0.122548 5.60506 12.7027 18 0
3.59125 4.58441 13.5143 18 0
2.25196 5.4906 13.4744 18 0
3.34161 6.43818 15.0688 18 0
29.8791 29.993 20.3002 18 1
-28.1624 -25.2935 21.4885 18 1
2.97624 6.53482 14.4675 18 0
-12.7696 -24.5715 21.6421 18 1
17.0114 10.3379 20.2537 18 0
-26.1216 13.7709 20.8794 18 1
-21.3542 -29.6672 22.0293 18 1
-15.1246 -29.7591 21.0734 18 1
29.9861 -3.27782 20.929 18 1
29.5217 -29.5468 22.2862 18 1
29.5403 20.4514 22.2115 18 1
-0.0225592 3.98591 8.63692 18 0
-4.99746 23.3837 20.9022 18 1
-8.81989 21.878 20.2337 18 1
1.51521 4.45146 12.0555 18 0
27.1847 -27.328 21.6679 18 1
24.7241 10.3346 21.5505 18 1
2.0198 5.0891 10.9891 18 0
0.420863 5.70825 13.2503 18 0
6.30015 25.7611 21.3615 18 1
-9.1266 26.9543 20.0686 18 1
3.08091 5.32395 13.1014 18 0
29.1289 25.833 20.8262 18 1
0.713457 -27.7801 21.3451 18 1
-11.6016 18.8517 20.9424 18 1
-0.667013 3.20681 9.24183 18 0
-27.8991 23.839 20.6561 18 1
9.96042 7.93183 16.856 18 0
-5.14024 -20.622 20.7693 18 1
0.541236 3.331 9.82516 18 0
30 17.0453 19.9022 18 0
0.476793 17.1061 20.0368 18 1
11.1878 20.3164 20.9778 18 0
-29.8322 -1.76287 21.0934 18 1
28.0414 -23.1087 20.2114 18 1
3.53789 -21.0698 20.7764 18 1
-25.4455 29.5616 22.2449 18 1
-12.0709 -8.2074 18.3879 18 1
1.07125 4.64145 11.3763 18 0
5.56738 4.77958 14.9376 18 1
28.141 -22.6767 21.4992 19 1
-0.603745 2.94661 8.57023 19 0
26.095 -5.87164 20.1258 19 0
-27.6148 6.207 21.5679 19 1
2.72311 4.76978 12.5421 19 0
11.2329 18.9989 20.0966 19 1
1.96608 4.84625 11.0061 19 0
30 -11.6934 21.1224 19 0
2.076 5.00039 10.8476 19 0
7.20874 19.4761 20.9644 19 1
-29.7363 30 21.0881 19 0
4.809 4.75811 13.8058 19 0
10.6629 9.62565 19.5534 19 0
2.59123 5.52757 13.8819 19 0
29.785 29.8986 21.0003 19 1
-5.36188 4.8891 14.4888 19 0
3.32975 5.20939 13.4834 19 0
24.9478 -29.8569 20.4452 19 1
2.94074 4.33949 11.9684 19 0
28.708 -5.31642 21.6796 19 1
4.0122 5.96868 12.7971 19 0
0.375721 7.756 15.3341 19 1
14.966 -13.9171 19.0918 19 0
-7.88413 -21.9563 19.6299 19 0
-4.06073 27.5262 21.3561 19 1
30 30 19.9504 19 0
2.20224 5.47757 13.3334 19 0
3.23842 5.46118 13.9315 19 0
-29.0254 29.592 21.5835 19 1
22.9728 -29.8491 20.4304 19 1
1.84975 5.77562 12.7826 19 0
5.85265 26.2412 20.8834 19 1
-19.8217 28.8471 20.9206 19 1
2.70943 5.47896 13.7552 19 0
0.573756 3.2472 9.52734 19 0
2.67465 4.28224 12.2049 19 0
23.0921 -20.9342 20.0724 19 1
29.5481 -22.4476 22.2266 19 1
12.1801 11.7212 19.7564 19 0
29.8302 14.9535 20.4848 19 1
-30 1.71299 20.9636 19 0
1.10249 7.46797 14.9276 19 0
-17.2717 -5.37813 20.5179 19 1
-13.1002 -14.3515 20.3248 19 1
16.0103 -29.9749 19.856 19 1
2.1633 5.15902 11.9535 19 0
1.53362 5.67978 13.5194 19 0
20.1036 -26.3249 21.3472 19 1
4.40054 3.51449 13.2945 19 0
5.74558 5.50695 15.6301 19 0
6.87375 6.34134 16.3068 19 0
1.53648 7.01402 14.4623 19 0
29.5575 20.7018 22.0571 19 1
-18.6757 30 21.2667 19 0
-28.2044 30 20.7603 19 0
9.18716 9.38866 18.7709 19 0
1.53033 4.9515 12.1222 19 0
1.71527 4.13047 10.8307 19 0
0.661852 5.69962 13.1762 19 0
1.324 3.51898 10.48 19 0
30 30 19.9504 19 0
15.5258 12.3168 21.0073 19 0
28.5736 -10.1124 21.5082 19 1
-0.0821857 -28.2992 21.0261 19 1
-25.3633 -4.39185 21.7045 19 1
26.2578 -29.951 21.0753 19 1
0.271948 -11.7221 18.053 19 1
-17.3042 22.314 21.6538 19 1
26.0286 -22.2524 20.9372 19 1
18.3619 28.5786 22.0884 19 1
0.834384 4.07395 9.59724 19 0
29.6301 15.5663 22.0927 19 1
26.8484 19.123 20.6179 19 1
-1.03815 1.62576 6.35009 19 0
2.8172 6.10249 13.1569 19 0
1.8059 5.48501 13.1582 19 0
27.6079 -27.0865 21.5949 19 1
-12.8616 6.71674 18.9041 19 1
-3.64779 -14.4805 19.8467 19 0
3.14089 5.19635 12.6247 19 0
30 -17.1728 20.4861 19 0
2.93547 5.44338 13.387 19 0
-29.0926 -11.532 21.5487 19 1
2.61059 6.00517 13.6733 19 0
-3.66929 -22.7665 21.1253 19 1
18.8083 -29.9039 20.7776 19 1
1.23673 4.11585 10.3129 19 0
2.47802 5.17445 13.0673 19 0
2.11323 5.42804 13.0113 19 0
-4.80233 14.5261 19.7026 19 1
12.3179 -17.3733 21.1611 19 1
4.30789 5.73574 14.6659 19 0
3.09303 5.41588 13.4541 19 0
-8.20724 -22.2797 20.9812 19 1
-11.9559 -21.1332 19.8118 19 1
25.1185 26.1924 20.8763 19 1
-19.3529 29.5627 22.1168 19 1
12.9048 -11.6543 19.8688 19 1
-8.9224 25.8423 20.254 19 1
28.2684 3.99353 20.8098 19 1
24.4094 -25.2216 21.8613 19 1
-23.4194 23.747 21.8997 19 1
1.17075 3.94453 9.51007 19 0
11.3741 -29.8166 21.637 19 1
-12.1833 24.1166 20.5026 19 1
20.3805 1.07069 20.5127 19 1
-1.14842 28.6897 21.254 19 1
10.2067 21.1261 20.3692 19 1
28.2448 -10.6707 21.6383 19 1
-3.89002 28.9686 19.9974 19 1
1.16021 8.43764 15.8984 19 0
12.7723 26.9654 20.6768 19 1
26.3269 -17.2909 21.7877 19 1
11.4274 6.27129 18.9557 19 1
29.9971 -25.5324 21.6318 19 1
2.40833 5.81264 13.707 19 0
11.8199 -3.04185 17.1539 19 1
-29.4658 -29.8027 21.9432 19 1
2.39506 4.65075 12.6712 19 0
-30 -17.4708 21.5624 19 0
5.32265 12.261 18.9228 20 1
22.1332 -15.3783 21.3016 20 1
30 11.024 19.7977 20 0
-15.884 -15.92 19.6365 20 1
0.449372 5.19157 12.4026 20 0
4.214 0.193502 10.3734 20 1
16.3007 -21.7159 21.5196 20 1
-24.3336 23.7923 21.6683 20 0
-22.0382 -2.22343 20.08 20 1
30 -26.7792 20.8444 20 0
7.80786 20.5013 21.095 20 1
8.07301 -29.3832 21.3694 20 1
29.955 26.5597 21.6337 20 1
-8.8227 22.5416 21.2971 20 1
29.1147 -10.0161 20.0667 20 1
6.52021 -1.11545 13.9852 20 1
3.08163 3.88828 10.5382 20 0
25.6504 -26.7292 21.9133 20 1
4.94712 -12.6762 18.5161 20 1
-23.4828 12.4259 21.8622 20 1
-16.6309 -16.0722 20.8433 20 1
21.0192 -4.14273 19.5074 20 1
1.81989 5.03181 11.3152 20 0
-25.1674 30 20.5267 20 0
29.0638 14.8461 20.4153 20 1
3.7995 4.13698 12.0665 20 0
-5.22527 -15.5341 20.0856 20 1
30 4.92158 19.8854 20 0
2.05683 5.51502 13.0472 20 0
-11.4268 -25.923 21.3598 20 0
-9.01233 30 19.7658 20 0
29.6246 12.9987 21.3554 20 1
-29.5414 9.26413 21.8773 20 1
-21.214 -23.0504 20.6811 20 1
2.20755 4.86418 11.7372 20 0
20.5944 11.4175 21.5747 20 0
6.97515 2.8806 13.4768 20 0
3.41689 -28.8536 21.512 20 1
-0.897095 3.03955 7.52271 20 0
5.03258 4.26734 13.3066 20 0
-29.9184 -23.2457 21.0569 20 1
5.55612 2.99044 13.494 20 0
5.39015 4.25346 14.4718 20 0
23.701 -29.8993 21.3413 20 1
1.96012 5.06522 10.8727 20 0
2.29915 -17.9636 19.776 20 1
-28.3401 -10.8547 21.4064 20 1
-28.6802 -26.6578 22.0246 20 1
1.84475 5.19158 11.9588 20 0
-5.57589 -25.7693 21.5566 20 1
-24.2569 -28.1668 21.358 20 1
6.45359 4.84671 15.5067 20 0
5.28383 6.44425 16.0011 20 0
12.738 24.7047 21.4888 20 0
28.8572 1.78531 20.8583 20 1
-21.5274 22.6736 21.993 20 1
-14.6422 29.5492 22.0757 20 1
27.7227 -27.3742 21.9914 20 1
2.21959 4.50152 12.2164 20 0
3.40427 8.51232 16.8464 20 0
29.5083 -5.21344 21.7493 20 1
1.14848 -14.395 19.2162 20 1
3.77718 6.177 14.1762 20 0
2.38268 3.61213 11.4007 20 0
11.671 -29.6145 21.9554 20 1
1.98605 5.07014 10.8722 20 0
1.15817 4.87373 11.0047 20 0
8.84684 9.69587 18.4666 20 0
24.6407 29.8441 21.672 20 1
2.79867 6.05874 13.0825 20 0
-15.6875 -25.1144 21.2113 20 1
2.26012 5.64034 13.5444 20 0
-12.5703 -9.70597 20.0467 20 0
8.57399 -28.9812 21.389 20 1
-29.9999 -2.54339 21.4166 20 1
3.1651 5.31385 13.3178 20 0
2.22827 5.3886 13.2203 20 0
-25.1596 28.824 20.9917 20 1
1.7325 4.7482 11.9912 20 0
28.69 -26.8373 21.5616 20 1
1.66878 4.84268 11.9945 20 0
2.993 5.0822 11.4876 20 0
21.1178 -11.2157 20.4288 20 1
-24.0932 -19.8797 20.2943 20 1
2.37226 4.38616 12.3538 20 0
-7.2927 -13.3345 19.7071 20 1
28.9126 -14.4886 21.5815 20 1
1.32955 6.93892 14.1035 20 0
24.8946 16.4643 21.5136 20 1
0.891517 7.89181 14.0381 20 0
16.5574 -0.91967 19.8314 20 1
-27.3175 -9.57873 21.8606 20 1
8.9897 9.86085 17.4181 20 0
3.00066 6.17753 13.0919 20 0
-25.8631 -3.75809 20.8007 20 1
-27.7834 -25.5528 21.9306 20 1
29.8758 24.8759 20.6002 20 1
30 1.14891 20.2137 20 0
2.66507 5.06919 12.6001 20 0
-23.1516 -1.40343 21.0797 20 1
-14.439 30 21.5009 20 0
21.6248 28.1781 21.7135 20 1
1.63014 3.83182 10.7111 20 0
-25.3654 -5.85086 21.2495 20 1
23.6606 30 21.3652 20 0
-25.717 15.6055 21.8258 20 1
-8.35469 -2.20039 15.9658 20 0
0.856569 8.3823 15.701 20 0
-17.1408 29.318 21.4386 20 1
2.1804 6.32033 13.9509 20 0
-10.1253 -29.9149 20.3 20 1
17.802 25.058 20.586 20 1
2.31438 5.34739 13.3287 20 0
1.63128 4.67653 12.2209 20 0
2.61558 4.78936 12.6965 20 0
30 30 19.9504 20 0
3.06715 6.50334 14.5265 20 0
2.30361 5.51517 13.6141 20 0
10.0308 9.74349 18.35 20 0
2.38797 5.93096 13.5457 20 0
21.2302 13.0003 20.3722 21 1
-29.8136 -21.1196 20.8537 21 1
5.23753 4.55139 14.5745 21 0
30 -17.4851 21.5687 21 0
2.38828 3.06021 10.0811 21 0
15.6252 -29.769 21.8004 21 1
20.7778 30 20.8052 21 0
1.76754 4.99483 11.5229 21 0
2.68325 5.51637 13.8224 21 0
5.48899 3.87442 14.121 21 0
5.43013 4.05121 14.0239 21 1
-26.067 30 20.0436 21 0
0.438498 -25.1816 21.3754 21 1
2.13718 4.7755 11.6754 21 0
0.0347748 4.70411 11.0224 21 0
1.96658 4.92658 10.721 21 0
20.3297 -26.8946 21.3816 21 1
-29.9857 25.0562 20.0083 21 1
-4.98775 3.25392 12.477 21 0
2.1965 4.91386 11.5658 21 0
15.2912 27.2142 21.4927 21 1
-16.7961 -6.90895 19.4288 21 1
-15.975 12.9586 18.9713 21 1
-9.9278 -7.81655 17.4486 21 1
-6.55354 -21.7577 21.2749 21 0
13.1588 26.7083 21.2695 21 1
22.5178 21.9194 21.5413 21 1
3.92277 2.49715 11.4127 21 0
-19.1231 -29.4459 21.6863 21 1
3.63626 4.83028 13.2953 21 0
6.74614 19.173 20.3425 21 1
2.80969 5.96839 12.8894 21 0
8.24993 4.48773 16.8115 21 1
1.01397 7.52009 14.8775 21 0
26.6565 -15.4605 21.9954 21 1
30 -21.6384 21.4171 21 0
3.00983 4.00658 10.1579 21 0
-23.5945 15.0737 21.3035 21 1
2.76261 6.07272 13.3035 21 0
9.00097 9.77571 17.8774 21 0
-17.0404 16.5199 21.0331 21 1
3.56035 4.99968 13.2865 21 0
25.774 29.2202 21.4542 21 1
2.55708 4.40898 12.5798 21 0
-5.85804 -21.0149 19.5521 21 1
2.54204 4.5143 12.7308 21 0
-23.9814 -13.7119 20.8568 21 1
-21.4043 -5.87989 20.8989 21 0
30 -21.6916 21.2337 21 0
0.916895 5.61071 12.7168 21 0
26.7719 28.4738 21.9847 21 1
3.36278 4.31831 12.9087 21 0
9.92566 -24.9609 19.7323 21 1
1.43055 4.83659 12.0943 21 0
2.75578 5.46236 13.6729 21 0
1.81021 6.22246 13.4088 21 0
1.66404 5.36609 13.1283 21 0
1.75443 6.15381 13.2799 21 0
21.6069 26.5289 22.1465 21 1
29.2772 23.6238 21.9772 21 0
-11.1577 25.2051 20.8012 21 1
2.4731 6.42376 14.7708 21 0
20.9799 28.2766 21.0695 21 1
-4.69453 12.9181 18.5523 21 0
21.1911 -8.65304 21.0327 21 1
27.0891 7.35652 21.2206 21 1
1.80663 4.77159 11.7248 21 0
-22.2509 -29.9057 21.1056 21 1
-8.53869 -18.0088 20.5105 21 1
25.8066 9.13639 20.6507 21 1
29.9558 28.6165 21.5461 21 1
1.96092 4.95937 10.6757 21 0
1.71111 4.94524 11.7577 21 0
-20.5372 -2.75587 21.0245 21 1
2.91391 5.92796 12.4531 21 0
1.27522 4.46844 11.7859 21 0
-0.636229 6.93671 14.1078 21 1
29.9654 -29.9975 19.9823 21 1
0.795619 3.68391 10.04 21 0
-29.9669 -29.3302 21.3838 21 1
-20.0663 -14.2882 20.702 21 1
-6.10907 -6.72841 15.8102 21 1
29.5108 -16.2201 21.8808 21 1
9.1937 9.91798 17.927 21 0
2.28216 6.70347 14.5882 21 0
12.2371 -22.3369 21.3697 21 1
26.7194 -22.6501 21.8996 21 1
28.7637 -26.2773 21.6786 21 1
-0.0506182 4.08037 8.99715 21 0
1.84467 5.65537 13.0948 21 0
29.7308 -10.7544 21.5349 21 1
-26.7388 27.8184 21.444 21 1
-29.6795 28.5965 22.1243 21 1
1.99767 4.92941 10.7019 21 0
1.63575 4.7995 12.1161 21 0
-24.3408 0.330742 21.48 21 1
-0.940496 13.224 17.9234 21 1
2.14929 5.04583 11.3392 21 0
1.32209 4.73082 11.9769 21 0
7.98241 -16.5689 20.1902 21 1
25.4159 -27.4826 22.2228 21 1
-14.47 28.8182 21.7559 21 1
1.01517 4.8727 10.4946 21 0
-10.0181 29.8162 20.4731 21 1
0.763737 8.13436 14.9645 21 0
30 30 19.9504 21 0
-27.9276 14.322 21.2229 21 1
11.7398 -22.8394 20.9249 21 1
-11.1469 3.3276 17.7887 21 0
-4.8881 -14.4879 19.5278 21 1
-2.64709 -1.05979 8.1772 21 0
-29.4941 0.414551 22.0149 21 1
24.5573 27.501 22.2296 21 1
29.9758 -23.7825 20.815 21 1
-10.6741 -26.4303 21.8577 21 1
30 -19.7997 20.6718 21 0
1.88856 5.02126 10.9467 21 0
2.24097 5.55094 13.5007 21 0
-30 -23.7072 21.1849 21 0
-22.2002 24.922 20.7268 21 1
-23.1745 2.90071 20.0973 22 1
2.47514 4.54917 12.7243 22 0
-0.528078 27.1987 21.5754 22 1
5.11091 4.37611 13.9676 22 0
-9.80193 30 20.5525 22 0
2.68098 5.01096 12.4302 22 0
-22.4831 -28.9672 21.6141 22 1
3.02932 4.559 12.47 22 0
-20.9049 -29.7428 21.1232 22 1
-30 30 19.9504 22 0
-29.5548 -20.3421 22.118 22 1
-29.3266 27.6122 22.1091 22 1
30 25.427 21.5884 22 0
1.80906 4.92064 11.3299 22 0
1.03641 4.41158 11.1175 22 0
1.52885 4.13238 11.1365 22 0
15.1614 29.9709 20.4157 22 1
-12.6071 -26.5525 21.9837 22 1
4.71837 3.89958 12.9463 22 0
1.82332 5.23598 12.2825 22 0
1.79476 4.81501 11.6471 22 0
2.01602 4.4859 11.7426 22 0
-7.28021 30 20.9639 22 0
14.7348 28.7879 21.439 22 1
2.03936 5.01948 10.7556 22 0
2.43787 5.18663 13.0609 22 0
9.55389 11.0065 19.1438 22 0
22.0025 9.28676 20.5653 22 1
-30 -25.2185 20.8209 22 0
-26.1239 -27.5177 21.7564 22 1
1.8116 4.81041 11.597 22 0
25.3419 -16.7641 21.6505 22 1
15.3495 -1.63911 19.9229 22 1
30 -4.7971 20.5384 22 0
-20.1117 -12.8649 19.9965 22 0
3.65632 5.89461 14.0955 22 0
-8.21712 26.9504 20.5629 22 1
1.77232 5.30261 12.7358 22 0
2.24387 5.0039 11.8287 22 0
1.53238 5.0236 12.1975 22 0
11.3699 6.09771 18.4238 22 1
23.3421 29.1118 21.5019 22 1
29.3983 13.7093 21.9248 22 0
24.5938 21.5573 22.109 22 0
-30 -30 19.9504 22 0
3.06929 7.46474 15.3649 22 0
-29.9111 26.7069 21.3128 22 1
29.1119 -28.2026 20.9578 22 1
2.1568 4.61115 12.0836 22 0
-29.6437 29.6081 22.1675 22 1
1.50443 5.85886 13.3844 22 0
-28.4622 29.9139 21.7158 22 1
17.3303 30 21.2747 22 0
11.0132 27.3429 21.1595 22 1
1.98017 5.07158 10.8813 22 0
-10.6658 -22.8507 21.1087 22 1
2.25616 4.96475 11.8718 22 0
-12.0175 -9.08484 17.8143 22 1
1.84804 5.38446 12.8588 22 0
1.9997 5.07699 10.9069 22 0
-2.31876 29.885 21.2495 22 1
2.49037 5.44607 13.7646 22 0
2.75459 4.73098 12.5411 22 0
21.0246 -25.96 19.8808 22 1
2.33887 4.83826 12.3665 22 0
23.0531 -4.06262 19.4432 22 0
2.23318 7.16514 14.4395 22 0
1.17538 7.28382 14.5453 22 0
11.382 14.8502 20.3712 22 0
27.4968 2.2323 21.6728 22 1
4.3861 5.49098 14.8992 22 0
-26.7931 -12.26 21.3005 22 1
0.794494 7.8009 14.7766 22 0
5.71696 3.26145 13.9634 22 0
-14.6013 -16.5931 21.3993 22 1
18.7713 -27.8431 21.1359 22 1
1.43986 4.91576 12.0586 22 0
19.1035 13.1307 19.8714 22 1
0.686167 -29.6457 21.8098 22 1
19.5146 29.6091 22.1728 22 1
9.11707 9.45935 18.7054 22 0
23.4656 -23.4462 22.1519 22 1
-29.9341 0.838766 20.3694 22 1
-26.7949 -5.18431 20.8922 22 1
1.42548 4.67002 12.1889 22 0
-12.6524 27.9642 21.2368 22 1
25.1075 -29.4725 21.7318 22 1
2.26989 5.26598 12.936 22 0
2.10509 5.5204 13.1415 22 0
26.894 -2.7678 20.7145 22 1
29.9553 2.42633 21.3994 22 1
-30 30 19.9504 22 0
-17.9695 -16.6372 20.9118 22 1
7.15023 10.5868 18.5599 22 1
9.50606 9.86053 19 22 0
29.5081 -27.9462 21.6817 22 1
-17.2069 -29.9906 20.6847 22 1
-26.2309 -11.6843 21.5049 22 1
-23.141 24.4506 21.6948 22 1
-26.0081 27.371 21.4548 22 1
1.80471 4.8002 11.652 22 0
-1.27599 15.7417 19.677 22 1
1.67603 4.79662 12.0459 22 0
-20.0944 -30 20.1014 22 1
-29.4492 6.31582 21.9269 22 1
-10.8829 1.38802 17.4903 22 1
5.98509 -7.83144 15.6549 22 1
4.45473 -4.59701 14.219 22 1
-18.5444 -28.6243 22.124 22 1
6.00102 4.47742 14.7763 22 0
26.2949 -13.7891 21.4358 22 1
30 30 19.9504 22 0
11.7415 -29.1219 21.0865 22 1
-14.6439 -23.7878 21.5078 22 1
0.555189 5.05096 11.9654 22 0
19.0175 -8.3953 20.5542 22 1
-19.2332 21.654 21.5918 22 1
-28.0975 -28.6044 21.6365 22 1
2.55844 5.63116 13.9321 22 0
-28.2136 -20.1837 21.1988 22 1
20.3419 -29.7035 21.9362 23 1
-5.07697 -29.4819 21.4801 23 1
-18.3454 6.64407 20.8978 23 1
5.28806 4.27325 14.246 23 0
1.10607 5.11222 11.0052 23 0
-13.2573 -5.14021 18.6971 23 1
2.46621 5.33592 13.5344 23 0
16.4706 -25.1719 21.6599 23 1
11.8173 -24.8669 20.5946 23 1
2.03131 5.02273 10.7444 23 0
1.88481 5.07871 11.1633 23 0
23.1454 -7.14286 20.2141 23 0
5.05224 4.30449 13.538 23 0
2.94001 -15.2977 19.1354 23 1
29.794 -23.7628 21.4338 23 1
2.33721 5.43698 13.5717 23 0
-15.0651 27.6728 21.2329 23 1
2.4655 5.21041 13.1732 23 0
-15.0919 -22.4875 21.3605 23 0
30 -10.4355 21.453 23 0
5.96576 -3.52376 14.217 23 1
-29.1575 29.318 21.591 23 1
-17.8709 30 20.2485 23 0
24.8907 -4.14576 20.1581 23 1
-22.0526 29.9999 19.9693 23 1
1.95102 5.03426 10.7734 23 0
30 30 19.9504 23 0
-30 -27.3603 21.4564 23 0
29.8848 -25.1521 20.6975 23 1
17.8256 -29.2064 21.1213 23 1
2.08418 4.72055 11.6733 23 0
29.1259 -13.8962 20.3952 23 0
3.15654 5.27139 13.0965 23 0
-3.24206 -1.97425 9.34682 23 0
5.0556 25.161 20.102 23 1
27.3612 26.3348 22.0628 23 1
-26.9671 29.7561 20.9871 23 1
27.5553 -25.0943 21.6694 23 1
30 29.9243 20.0968 23 0
1.60095 4.85922 12.0999 23 0
2.41195 4.69531 12.6857 23 0
1.56023 7.15117 14.774 23 0
2.32161 3.4074 11.0251 23 0
1.63056 4.62047 12.2217 23 0
29.3491 -12.8685 21.4547 23 1
7.91098 -22.5997 21.0226 23 1
2.04107 5.08071 10.9875 23 0
-0.237411 -6.45848 14.0581 23 0
3.93497 4.85586 12.3006 23 0
11.1409 15.8842 19.4383 23 1
20.6173 28.856 21.645 23 1
21.8563 11.4884 21.2816 23 1
-1.64208 21.373 21.238 23 1
2.03118 5.3531 12.6108 23 0
3.46521 4.31578 13.0731 23 0
-27.6582 -29.9953 21.4008 23 1
8.82088 29.5864 21.6559 23 1
23.4629 4.42209 21.6396 23 1
1.90372 5.88495 12.1836 23 0
-4.7494 23.8807 20.6399 23 1
-13.9697 29.9997 19.8389 23 1
1.96681 5.02009 10.7099 23 0
-15.471 19.4625 21.7479 23 1
15.8426 -29.9981 20.3834 23 1
6.34217 28.5376 21.9302 23 1
-15.6925 -4.16604 19.6275 23 1
2.26101 5.61769 13.5568 23 0
-2.61208 -24.4994 21.6905 23 1
2.32173 6.18353 13.8743 23 0
2.86184 5.13735 12.0995 23 0
-22.2923 24.0925 21.1938 23 1
4.32575 2.31417 12.0712 23 0
11.1573 -21.7472 20.7827 23 1
29.6278 -2.32719 21.8595 23 1
-29.9789 -29.6971 21.2725 23 1
1.19457 7.19215 14.1688 23 0
1.89917 5.5158 13.0438 23 0
1.986 5.09849 11.0204 23 0
2.48523 5.17275 13.0677 23 0
-24.3753 -0.0795755 20.9934 23 0
23.2444 -26.2368 21.5169 23 1
2.64483 5.19325 13.0705 23 0
25.0638 -26.4449 21.6125 23 1
-29.8887 23.4668 21.7265 23 1
5.38977 4.82107 14.681 23 0
-25.329 -28.8651 21.5335 23 1
30 -16.6745 21.2503 23 0
-23.0263 23.7515 20.8872 23 1
7.82098 -7.65505 17.5267 23 1
0.888632 7.44929 14.884 23 0
8.47441 -11.592 19.6919 23 1
9.31701 -28.7351 21.6614 23 1
1.90697 5.15002 11.4837 23 0
-16.6597 -18.5828 21.6366 23 1
11.1607 -22.768 20.7838 23 1
-8.82781 8.93283 17.3367 23 1
0.856993 4.09872 9.6051 23 0
2.23058 5.42891 13.3207 23 0
24.1671 24.4755 21.7814 23 1
9.18639 9.29948 18.5267 23 0
1.93823 4.98589 10.7184 23 0
-1.37585 -17.9913 20.0048 23 1
-30 -17.9095 20.0627 23 0
-30 30 19.9504 23 0
20.4067 -27.127 21.6191 23 1
-12.6992 25.5095 21.8438 23 1
2.1465 5.29458 12.6242 23 0
-21.0798 -28.3977 21.5447 23 1
3.6887 -28.6116 21.8144 23 1
30 30 19.9504 23 0
2.03428 5.09433 11.0438 23 0
2.24838 4.73734 12.2252 23 0
-13.5059 -25.3639 21.9376 23 0
2.02866 5.14319 11.3357 23 0
2.50607 5.54439 13.8838 23 0
2.51786 7.14052 15.0276 23 1
29.8709 -6.21599 20.8822 23 1
26.2407 26.2666 21.6358 23 1
-5.24422 -22.8562 20.6049 23 1
9.96048 9.766 18.2296 23 0
17.0444 -29.1742 20.5163 24 1
2.87284 4.88119 11.6949 24 0
-17.7027 -7.29681 20.6375 24 1
-28.4078 -29.9631 21.5894 24 1
5.0288 4.28692 13.4051 24 0
-30 30 19.9504 24 0
5.35181 4.04141 13.7684 24 0
30 30 19.9504 24 0
-28.3559 -30 21.4491 24 0
2.44902 4.42988 12.5469 24 0
-27.1694 21.9354 20.5573 24 1
2.25677 4.66941 12.345 24 0
23.9772 -29.3897 21.5081 24 1
1.14877 4.17383 10.1811 24 0
-21.2046 28.8654 20.9882 24 1
-18.1202 9.30696 20.3887 24 1
29.9458 -29.8766 20.3781 24 1
-28.7184 20.3546 21.913 24 1
2.76354 -28.514 21.7362 24 1
5.62381 9.76297 17.9241 24 1
2.17386 5.03747 11.4655 24 0
-27.1614 -27.5253 21.839 24 1
2.02739 5.06564 10.8857 24 0
-7.64105 30 21.2655 24 0
-15.2383 8.93504 19.4322 24 1
27.1757 -9.89651 20.519 24 1
19.1291 -19.8392 20.4717 24 1
2.06395 5.04785 10.9153 24 0
30 30 19.9504 24 0
2.01836 5.07733 10.926 24 0
2.47453 4.9005 12.6013 24 0
-0.3053 -16.4364 20.2302 24 1
23.6061 28.0144 21.4952 24 1
5.17487 21.668 20.8804 24 1
-24.0156 -8.65984 20.9198 24 1
25.0627 12.0891 19.9038 24 1
-22.616 25.1172 21.5529 24 1
-17.9204 -5.21423 19.5566 24 0
-29.8958 18.0911 20.3119 24 1
2.71306 5.16573 12.8076 24 0
-23.4404 -29.833 21.8194 24 1
-3.31451 -29.9059 21.1909 24 1
-2.29767 -29.4844 21.8884 24 1
11.6802 9.7056 19.6785 24 1
16.0435 28.2894 21.0852 24 1
8.75884 -10.4465 19.168 24 1
-18.3208 8.77069 20.7268 24 1
29.7794 -1.62098 21.6606 24 1
22.172 -29.9993 20.5297 24 1
1.86268 5.3123 12.5529 24 0
2.10435 5.19659 11.9151 24 0
-17.5295 -9.59566 21.1285 24 0
-18.7215 27.5766 21.9515 24 0
1.65599 4.85563 12.0069 24 0
2.11184 5.01798 11.0505 24 0
-14.9459 -17.6281 20.8239 24 1
16.9703 29.9382 19.9679 24 1
2.49759 6.85608 14.7656 24 0
1.63462 5.25312 12.8214 24 0
29.9673 29.8768 20.3354 24 1
4.41234 3.35516 13.1054 24 0
1.37996 3.64806 10.6824 24 0
-28.8627 -7.70531 21.2206 24 1
1.97428 4.83414 11.0535 24 0
1.06982 7.35938 14.5864 24 0
0.870985 7.61088 14.9874 24 0
1.60166 4.9106 12.0626 24 0
-14.2601 -10.8067 19.9724 24 1
-12.9372 26.1028 20.0281 24 1
30 -30 19.9504 24 0
-29.7813 27.3147 21.7474 24 1
1.8419 4.836 11.3986 24 0
-28.7272 -3.31651 21.6233 24 1
-22.6129 27.4427 22.1588 24 1
29.661 -0.761843 21.6211 24 1
17.6612 29.8107 21.6451 24 1
8.14724 22.731 20.7879 24 1
-9.59265 30 21.3999 24 0
3.33778 4.29573 12.784 24 0
27.3646 26.8131 21.7572 24 1
0.213482 -28.4364 21.6529 24 1
2.00999 6.10046 12.1884 24 0
9.16572 9.3539 18.6299 24 0
2.26371 4.89138 11.9739 24 0
1.71536 4.7329 12.0537 24 0
22.2847 30 21.1372 24 0
1.907 4.4596 11.7106 24 0
1.0198 4.48852 11.2898 24 0
2.06934 5.08052 11.0749 24 0
-14.3003 -27.2234 21.5295 24 1
-28.3701 6.48398 21.9603 24 1
10.4308 11.9927 19.5585 24 0
-16.4314 -29.9377 21.5505 24 1
2.06172 5.17742 11.6444 24 0
24.9298 -29.86 20.4749 24 1
2.00636 5.07463 10.8995 24 0
13.5795 -28.8921 21.5477 24 1
5.31206 3.94152 13.5515 24 0
-14.5238 22.2631 21.6668 24 1
18.9948 16.8813 19.7886 24 1
2.05956 5.35628 12.6664 24 0
1.64401 4.74352 12.1658 24 0
1.62702 4.8789 12.0412 24 0
21.2025 28.9352 20.7598 24 1
30 -30 19.9504 24 0
9.33958 -27.7733 21.5772 24 1
9.80049 9.79018 18.5742 24 0
1.78802 4.86453 11.5435 24 0
-29.4983 15.0095 21.5337 24 1
27.6713 30 21.3554 24 0
1.72313 4.80407 11.9144 24 0
-28.8383 24.5554 21.8105 24 1
30 30 19.9504 24 0
18.7442 -11.8592 20.5017 24 1
30 18.7106 21.1248 24 0
2.70633 5.76457 13.6777 24 0
-26.4966 -18.422 22.1196 24 1
7.61033 29.5074 22.0364 24 1
1.9222 4.97679 10.7632 24 0
18.6287 -28.9009 21.5008 24 1
16.9797 -27.5878 21.4409 25 1
30 -22.6825 21.2782 25 0
4.88265 4.10005 12.4309 25 0
2.04153 5.11763 11.1971 25 0
-15.5655 -10.9092 20.3949 25 1
23.4154 -29.144 21.732 25 0
22.2464 1.42625 21.2168 25 1
14.7325 -13.7096 20.722 25 1
-30 30 19.9504 25 0
2.15504 4.69783 11.9617 25 0
2.74775 7.43822 15.5768 25 0
2.0983 5.05115 11.0748 25 0
-10.5614 -4.22968 18.0457 25 0
3.2168 5.47679 13.8964 25 0
-27.4996 -9.9729 21.406 25 1
5.22235 4.24152 13.875 25 0
-7.55058 -28.0923 21.4466 25 1
2.52284 5.14666 13.0015 25 0
30 30 19.9504 25 0
2.21973 4.93835 11.6718 25 0
1.99375 5.05016 10.7869 25 0
3.06697 4.65509 12.4346 25 0
9.65131 -9.76455 19.0661 25 1
1.61491 4.7345 12.2057 25 0
1.9452 5.03687 10.7939 25 0
2.78524 4.93855 11.9746 25 0
2.10155 5.04726 11.0773 25 0
27.0517 -15.2466 20.8474 25 1
-11.9616 -24.3015 20.898 25 1
-18.1992 -28.8476 20.9973 25 1
20.9447 27.6611 21.3427 25 1
1.72758 4.91691 11.7097 25 0
2.12311 4.70614 11.8333 25 0
2.05458 5.6608 12.9565 25 0
-4.8362 -3.64792 13.2676 25 0
30 24.4022 21.5382 25 0
1.48764 7.28693 15.1905 25 0
1.94929 4.93034 10.7401 25 0
-28.2241 2.12281 20.8012 25 1
-28.2581 -8.84629 21.119 25 0
0.82395 7.78636 14.7082 25 0
2.05813 4.8122 11.2478 25 0
30 -24.1114 20.2151 25 0
3.20165 4.43021 12.7474 25 0
1.446 29.9018 21.49 25 1
1.17964 7.24514 14.3782 25 0
-27.8786 29.1153 20.5644 25 1
-10.9561 11.9475 18.1015 25 1
14.5149 29.9847 21.5385 25 1
-14.9109 -6.16663 18.7148 25 1
1.94213 5.33239 12.5089 25 0
-16.2675 27.8354 21.2868 25 1
27.951 -29.5652 21.6369 25 1
0.973288 20.8853 19.2948 25 1
-29.7145 20.8073 21.5321 25 1
11.7553 -19.2305 20.8118 25 1
12.4898 26.2962 21.8663 25 1
2.4779 4.43387 12.5811 25 0
29.9857 -17.6546 21.3314 25 1
-17.9869 -9.64528 20.3904 25 1
-24.3682 -6.27401 21.4872 25 1
-29.9999 27.2346 20.9232 25 1
9.11833 9.46734 18.7158 25 0
16.7541 14.2943 20.9475 25 1
-11.1551 -7.78748 18.3099 25 0
-13.0446 30 19.8567 25 0
-13.6297 -0.167442 18.8992 25 1
12.3588 -22.277 21.5031 25 1
9.57452 9.83726 19.0175 25 0
-27.4389 -30 21.6175 25 0
29.945 28.9296 20.1478 25 1
4.90834 2.97498 11.3439 25 0
-23.0087 -27.531 21.5844 25 1
1.96474 5.02144 10.7158 25 0
18.7854 -1.0155 19.4833 25 1
2.05645 4.95811 10.7666 25 0
-0.853155 -28.3665 21.3887 25 1
3.99999 15.2371 18.8461 25 1
1.793 5.0302 11.4529 25 0
-28.0392 21.9773 19.9245 25 1
2.05035 5.12706 11.2785 25 0
1.89557 5.19235 11.7916 25 0
-24.4119 -17.7938 21.6905 25 1
3.85416 -5.24286 13.3633 25 1
1.92622 4.99047 10.756 25 0
1.91963 4.93004 10.8187 25 0
-29.185 -23.2867 21.5287 25 0
30 30 19.9504 25 0
2.70626 5.72397 13.7446 25 0
-25.8892 -26.2566 21.1719 25 1
-29.8251 -29.2813 21.5259 25 1
1.9988 4.91106 10.7504 25 0
29.6583 28.4883 22.1962 25 1
-12.7317 17.7301 20.9183 25 1
29.7799 -9.92853 20.7598 25 1
19.6784 27.1842 21.561 25 1
5.30905 7.50896 16.7642 25 1
1.98525 5.02723 10.7132 25 0
5.44975 -6.31462 16.06 25 1
3.11533 5.07327 11.8251 25 0
3.40436 4.92937 13.1062 25 0
3.19775 3.35495 11.4693 25 0
-18.0814 -16.8989 19.8016 25 1
4.32465 4.62845 13.9884 25 1
-27.554 20.1237 21.6665 25 1
-28.1444 1.20185 20.7669 25 1
30 -24.3741 21.4739 25 0
-21.9964 -25.8511 20.3361 25 1
1.8821 4.94537 10.9391 25 0
-2.03223 26.5449 21.2453 25 1
-17.1987 22.4403 21.6157 25 1
-1.8173 -25.5675 21.4069 25 1
-30 -30 19.9504 25 0
2.13696 4.21303 10.91 25 1
2.27439 5.37241 13.2997 25 0
-20.997 24.5169 21.5074 25 1
28.0986 -25.8345 20.6929 25 1
2.01658 19.2598 19.8304 25 1
-20.527 28.7181 22.0295 25 1
-29.9993 21.2167 20.7785 25 1
18.4394 20.7905 21.6125 26 1
2.16823 4.86276 11.5287 26 0
-7.01504 30 19.7497 26 0
8.37153 26.0076 21.1324 26 1
1.87368 4.91947 11.0197 26 0
28.7013 10.166 21.342 26 1
-21.3222 -29.2325 21.7499 26 1
4.74729 4.03405 12.8149 26 0
29.9589 7.58521 21.4105 26 1
30 30 19.9504 26 0
5.28832 4.23747 14.1247 26 0
-9.01345 24.5218 21.2183 26 1
-28.3639 -29.8417 21.7131 26 1
-20.2906 -11.7808 21.0232 26 0
-28.3551 25.0817 21.4861 26 1
2.7089 5.1529 12.7665 26 0
-29.9985 23.7971 20.7216 26 1
1.17785 4.14444 10.1504 26 0
0.958586 2.62391 8.10991 26 0
1.37748 29.0549 21.2733 26 1
2.38938 4.64282 12.6625 26 0
1.94337 4.9904 10.7083 26 0
1.94759 5.13084 11.2588 26 0
-9.35474 -15.2502 20.3893 26 1
30 -8.83827 20.3329 26 0
30 -9.8127 20.4904 26 0
9.78947 -25.0509 20.4552 26 1
15.9856 18.3084 20.7001 26 1
-24.3348 30 21.3545 26 0
30 30 19.9504 26 0
-1.32357 29.1967 21.4547 26 1
2.04501 5.09737 11.0863 26 0
29.3538 4.33854 21.8503 26 1
2.12705 5.07879 11.3371 26 0
-27.4947 29.9675 21.6648 26 1
1.80563 4.90133 11.3807 26 0
30 30 19.9504 26 0
13.3025 29.6616 21.8634 26 1
1.83424 5.07135 11.3699 26 0
-17.2508 -18.6388 21.4441 26 1
3.92124 3.40988 12.1089 26 0
-19.9419 -11.6502 20.7655 26 1
-30 30 19.9504 26 0
1.89954 5.00901 10.8759 26 0
29.5902 29.9942 21.5856 26 1
1.94569 5.01832 10.7436 26 0
28.9014 -9.84178 20.4785 26 1
9.75801 17.5333 20.9183 26 1
17.6238 -8.17785 20.5649 26 1
1.6459 4.57563 12.1906 26 0
1.95219 5.0212 10.7362 26 0
-28.6205 -29.6847 22.09 26 1
30 30 19.9504 26 0
-30 -30 19.9504 26 0
2.52614 6.83574 14.7934 26 0
1.91948 4.94865 10.7889 26 0
10.7309 25.3984 21.6828 26 1
2.80768 5.13783 12.3293 26 0
15.0893 -21.7832 20.5533 26 1
24.4244 18.9797 21.4138 26 1
3.45912 3.40047 12.2353 26 0
9.65885 9.82638 18.9081 26 0
2.62024 5.6311 13.9142 26 0
-27.2202 8.01672 20.5522 26 1
20.7498 -26.1458 21.1848 26 1
-29.1378 -8.30155 21.2636 26 1
-29.0803 10.552 21.5017 26 1
-26.5578 -20.7875 21.8444 26 1
0.876915 7.68669 14.8432 26 0
3.36795 4.37149 13.049 26 0
-27.4091 20.8921 21.5962 26 1
3.50071 5.31946 14.1006 26 0
28.6428 -28.2187 21.8434 26 1
2.85673 5.04099 11.6918 26 0
-29.1941 -15.1378 20.8853 26 1
-18.6441 30 21.372 26 0
24.8911 8.87818 20.1292 26 1
-9.6379 -18.4151 21.19 26 1
2.0479 5.1736 11.5823 26 0
5.7195 29.9817 20.9574 26 1
-0.0991325 23.266 20.546 26 1
-1.11247 -21.5524 20.8617 26 1
-21.1887 -12.6424 21.2253 26 1
1.89703 5.343 12.6171 26 0
1.1459 7.29289 14.491 26 0
-27.0363 -14.1935 20.5152 26 1
1.50377 5.099 12.3773 26 0
1.92899 5.25216 12.0937 26 0
2.09148 5.08269 11.1769 26 0
-5.04048 26.4704 21.2831 26 1
-11.6794 22.3174 21.4938 26 1
-7.81821 -28.9803 20.4098 26 1
28.3281 -8.45557 21.9241 26 1
2.08073 5.65839 13.013 26 0
-29.9886 24.4768 21.6304 26 1
29.9357 -14.3294 21.2884 26 1
5.3184 -22.4523 21.4493 26 1
2.0499 5.13978 11.3594 26 0
9.10245 9.51233 18.7047 26 0
-4.8362 -3.64792 13.2676 26 0
2.01865 5.07903 10.935 26 0
1.86005 4.96966 11.0276 26 0
22.2529 -10.9437 20.5344 26 1
1.94455 4.98803 10.7039 26 0
2.04325 5.09203 11.0523 26 0
-22.0986 6.71799 20.5958 26 1
27.1094 30 20.2259 26 0
-30 -29.3735 21.504 26 0
2.00653 5.08062 10.9295 26 0
2.09723 5.2068 11.954 26 0
30 30 19.9504 26 0
29.519 0.129068 21.5517 26 1
-9.26654 -19.1084 20.3257 26 1
-25.3483 20.229 21.715 26 1
20.8614 23.8662 20.5662 26 1
0.155014 -5.2677 11.9734 26 1
-22.1642 -20.7849 21.0047 26 1
-29.79 8.06274 20.667 26 1
2.6023 -28.7083 21.7903 26 1
-12.3318 -28.9329 21.2501 26 1
-29.2885 1.44954 21.8504 27 1
18.0685 -29.6029 21.5131 27 1
5.30423 4.14682 13.8559 27 0
2.47604 4.92255 12.5944 27 0
30 30 19.9504 27 0
-17.9505 30 19.922 27 0
2.08222 5.02673 10.9243 27 0
-10.503 -30 21.4949 27 0
4.70816 -17.3925 20.5594 27 1
-5.89229 23.1009 19.8225 27 1
25.6813 -11.3519 21.7394 27 0
2.42471 4.89778 12.5284 27 0
15.0213 11.6845 20.0185 27 1
-13.8489 27.325 21.3891 27 1
16.7921 -25.3247 21.5372 27 1
2.28945 4.74504 12.3535 27 0
27.112 -29.9883 20.242 27 1
-3.57832 -2.7134 11.5462 27 1
1.95993 5.02354 10.728 27 0
2.75427 5.0687 12.2766 27 0
-10.3733 -2.14373 17.2863 27 0
-29.3908 -8.86204 21.5192 27 1
-28.9065 11.6225 21.4154 27 1
24.8678 -29.0482 20.3706 27 1
2.3051 4.7337 12.4179 27 0
2.67305 27.6062 21.7872 27 1
5.5198 3.30182 14.1458 27 0
10.7254 21.4003 21.4234 27 1
3.31917 4.34839 12.8852 27 0
-30 -30 19.9504 27 0
26.736 -27.1442 21.3243 27 1
22.2467 -21.4023 21.7927 27 1
30 -3.61995 21.2946 27 0
2.04435 5.05675 10.8868 27 0
2.26521 4.93851 11.9279 27 0
-27.396 8.27991 21.7565 27 1
28.4295 27.6368 22.1856 27 1
30 -6.99267 19.7449 27 0
30 30 19.9504 27 0
1.91281 5.03445 10.8831 27 0
1.96758 5.08865 10.978 27 0
4.85005 -18.2264 19.8846 27 1
4.94007 4.182 12.7523 27 0
30 30 19.9504 27 0
1.97926 5.0277 10.7172 27 0
24.3366 -6.11373 21.0169 27 1
1.12807 7.2989 14.4649 27 0
-29.3687 28.8 21.8274 27 1
16.2542 -18.3277 21.3118 27 1
1.87413 4.97531 10.9593 27 0
-7.26771 25.8745 20.9254 27 1
9.11532 9.48558 18.7225 27 0
22.7887 28.9856 20.7537 27 1
27.7994 -19.3907 21.7613 27 1
-30 30 19.9504 27 0
2.04937 5.52749 13.0458 27 0
1.75707 5.07252 11.7554 27 0
2.02794 5.82151 12.3214 27 0
1.85917 4.9253 11.0751 27 0
9.76083 9.80486 18.6664 27 0
-9.09512 -27.8629 20.3074 27 1
1.88598 4.93093 10.9438 27 0
1.92277 4.84295 11.0961 27 0
29.8513 -22.3743 21.6693 27 1
-4.17182 -29.9575 20.3902 27 1
-10.7484 5.52686 18.4904 27 1
-13.1533 29.0993 20.5033 27 1
2.62953 4.76674 12.7093 27 0
-22.2034 -20.4274 21.7004 27 1
3.07715 8.27341 15.5322 27 0
3.25986 5.52751 14.0554 27 0
-29.4099 18.3782 22.1128 27 1
-3.50157 9.25458 17.1852 27 1
2.1879 4.83264 11.723 27 0
-15.2901 27.0855 21.1162 27 1
2.17453 4.88092 11.5118 27 0
-29.8705 1.49376 21.5717 27 1
1.98476 5.05489 10.8061 27 0
25.2676 10.2895 21.4593 27 1
-26.4025 29.076 21.6053 27 1
1.83799 4.99019 11.1487 27 0
1.94573 4.99087 10.7031 27 0
1.93445 4.99738 10.7379 27 0
-21.4489 2.93583 20.7965 27 1
30 -13.5883 21.4505 27 0
-28.3752 26.1519 21.6958 27 1
1.93427 5.35828 12.628 27 0
1.87099 4.94632 10.9887 27 0
29.9549 -26.2233 20.8899 27 1
26.7941 28.0058 20.745 27 1
3.85944 -3.47695 12.2872 27 1
-13.0461 29.9925 19.8614 27 1
21.8652 -21.9609 20.2069 27 1
-17.8476 -27.1569 20.7592 27 0
-19.7648 -25.5728 21.8424 27 1
-15.7127 10.432 20.7647 27 1
2.00372 5.04773 10.7819 27 0
-8.82653 29.9183 20.5274 27 1
-29.9982 29.6918 21.2884 27 1
-22.9612 -25.0122 19.8796 27 0
-28.8149 -29.0081 20.6476 27 1
1.93706 5.00824 10.7457 27 0
26.7896 17.5913 21.7601 27 1
-30 -12.5465 21.4956 27 0
1.47114 7.2978 15.2118 27 0
21.1622 -29.2295 21.2107 27 1
-27.116 -17.6975 21.2781 27 1
2.06181 4.8196 11.2258 27 0
-26.8298 20.2255 21.1724 27 1
-22.0589 -17.7389 20.814 27 1
0.896994 7.60831 14.9393 27 0
27.8689 29.9934 20.3423 27 1
-29.6434 23.6479 22.0809 27 1
1.98671 5.0541 10.8024 27 0
23.5325 21.0307 21.4867 27 1
-28.2704 8.73625 21.5152 27 1
-27.9875 29.7089 21.2074 27 1
2.6198 5.64954 13.9115 27 0
13.098 -25.4904 21.4577 27 1
28.2205 30 20.8515 27 0
21.9971 25.9776 19.8513 28 1
29.5535 6.46968 22.0593 28 1
2.31676 4.6168 12.5223 28 0
-29.5813 -5.98839 21.3737 28 1
4.15211 2.75888 11.464 28 0
-28.89 -26.0415 20.2537 28 1
-17.479 30 21.5665 28 0
6.2214 25.7807 21.0446 28 1
-8.86189 1.11 15.0315 28 1
-5.10978 -29.0616 20.0736 28 1
26.3811 -19.9786 21.3954 28 1
5.25523 4.19792 13.8376 28 0
16.8053 15.7323 20.8254 28 1
2.27286 4.6315 12.413 28 0
29.6987 24.8388 21.5222 28 1
28.6076 -19.2212 21.8246 28 1
1.91604 4.95048 10.7983 28 0
29.5172 21.286 22.0581 28 1
30 30 19.9504 28 0
-29.3648 -24.6645 22.0735 28 1
29.9859 24.2756 21.1142 28 1
-18.3385 21.1393 21.2779 28 1
-1.27157 17.7664 20.1234 28 1
-28.544 -27.6656 22.1658 28 1
2.86451 4.90188 11.6673 28 0
-21.8058 29.7481 21.4293 28 0
-20.6388 -29.0819 21.469 28 1
3.26731 4.37346 12.8095 28 0
30 24.3676 21.4565 28 0
-15.593 6.14936 19.9639 28 1
19.3683 23.8402 21.5261 28 1
-28.4325 5.73847 21.776 28 1
24.2246 -15.4891 21.7181 28 1
25.9048 -2.76286 20.6422 28 1
20.5991 0.732904 21.0027 28 1
3.46723 3.22635 11.8219 28 0
4.81992 4.07237 12.5862 28 0
1.95676 5.34041 12.5337 28 0
1.84494 4.96842 11.1043 28 0
1.93176 5.01083 10.7651 28 0
29.4695 11.3499 22.0321 28 1
24.4781 29.067 21.6637 28 1
-28.1528 0.212194 20.8466 28 1
30 30 19.9504 28 0
-20.8954 -10.6555 20.8701 28 1
1.94502 5.11258 11.1503 28 0
30 30 19.9504 28 0
1.93643 4.97827 10.7208 28 0
8.40285 23.2497 21.4476 28 1
-29.1846 -27.8848 20.8756 28 1
-29.3949 30 21.5548 28 0
1.98039 4.98244 10.6487 28 0
8.3232 -28.6353 21.8476 28 1
26.2443 7.86976 20.8703 28 1
-22.2854 29.7768 21.6404 28 1
1.80235 5.077 11.553 28 0
-20.6563 -10.318 21.3388 28 0
-6.87394 -15.7298 19.6197 28 1
-11.0761 24.9367 19.8247 28 1
-19.2453 -16.0782 20.5646 28 1
-17.8941 21.9614 19.9467 28 0
-30 -30 19.9504 28 0
-6.08212 20.2722 20.2745 28 1
1.49431 4.70317 12.2408 28 0
-29.731 -23.9918 21.0756 28 1
2.03561 5.08311 10.9867 28 0
22.5461 27.7737 21.9244 28 1
1.94715 4.98628 10.697 28 0
-25.7446 5.25393 21.2605 28 1
-20.1332 13.7374 20.7378 28 1
8.02805 4.29385 15.7713 28 1
-26.7394 -29.8158 21.4663 28 1
27.367 -8.74004 21.6811 28 1
30 -30 19.9504 28 0
1.94069 5.0043 10.7301 28 0
-29.9321 29.912 20.2553 28 1
1.9498 4.95202 10.703 28 0
2.11428 4.86306 11.2512 28 0
1.85324 4.87065 11.2397 28 0
1.92348 4.96799 10.7603 28 0
1.91004 5.42052 12.8624 28 0
29.797 -29.1412 21.0768 28 1
2.02466 5.03056 10.7518 28 0
1.97541 5.01824 10.6968 28 0
1.93246 4.91789 10.8085 28 0
1.96415 4.98126 10.6642 28 0
30 -30 19.9504 28 0
-11.4308 28.7404 21.8498 28 1
0.997765 3.98325 8.81774 28 0
-18.8915 -21.6946 21.1331 28 1
2.78285 5.02621 12.0289 28 0
-4.94895 25.3137 20.8747 28 1
30 30 19.9504 28 0
2.01511 4.83622 11.0562 28 0
29.8931 -29.6346 21.6045 28 1
21.9199 -4.53386 20.9239 28 1
-21.011 -9.10748 19.501 28 0
1.94731 5.10669 11.1108 28 0
9.71594 9.80931 18.8012 28 0
25.2866 -19.7971 21.4727 28 1
1.15195 7.25646 14.3344 28 0
30 30 19.9504 28 0
9.12795 9.44732 18.7163 28 0
2.65079 5.67869 13.8731 28 0
1.95711 5.00917 10.7027 28 0
-30 -30 19.9504 28 0
-21.6463 2.38748 21.294 28 1
-14.5889 -14.2661 20.9798 28 1
1.03415 -1.92599 5.48864 28 1
3.26618 4.95633 12.5412 28 0
-18.0322 -29.7288 21.045 28 1
2.55473 6.78631 14.8465 28 0
-12.5352 12.6652 20.6329 28 1
-29.7491 -12.2254 21.4295 28 1
0.550491 1.58901 6.54441 28 0
0.870869 7.65523 14.9253 28 0
1.94468 5.00185 10.717 28 0
2.10462 5.19778 11.9237 28 0
-24.0013 7.87517 19.8077 28 1
-28.435 27.049 21.6228 28 1
8.78775 0.610706 16.1977 29 1
30 -30 19.9504 29 0
30 30 19.9504 29 0
30 -28.6092 21.5416 29 0
-28.5972 -26.0711 21.5921 29 1
1.95562 5.33868 12.5267 29 0
-4.14522 13.1909 18.26 29 1
10.6458 13.6964 20.3728 29 1
-28.6159 -8.40991 21.9723 29 1
3.33165 4.37608 12.9821 29 0
0.310839 -18.4196 20.7049 29 1
1.91586 4.9818 10.7859 29 0
2.2278 4.71324 12.1938 29 0
5.28801 4.20904 14.0193 29 0
22.0609 -29.5424 21.6279 29 1
2.7854 5.10374 12.268 29 0
-29.9812 -8.88628 20.0812 29 1
1.56636 5.07875 12.3033 29 0
1.78447 24.0376 20.2462 29 1
-12.2652 8.8044 19.2265 29 1
30 -19.0731 20.006 29 0
2.36885 4.59871 12.6212 29 0
-25.5017 -29.043 21.6517 29 1
-15.7924 -7.71152 20.0404 29 0
1.14077 7.30623 14.5352 29 0
-30 -28.8131 20.6627 29 0
2.05137 5.0301 10.8163 29 0
1.94688 5.00405 10.715 29 0
-30 30 19.9504 29 0
-6.6389 -18.969 20.368 29 1
1.95363 5.00204 10.6982 29 0
-19.6232 -11.8025 21.1113 29 0
1.95491 4.99247 10.6853 29 0
1.94829 4.92747 10.7484 29 0
22.5524 -27.6567 22.1172 29 1
2.00659 5.00775 10.6769 29 0
3.62911 9.69434 17.4945 29 0
4.85122 4.11323 12.6172 29 0
1.94743 5.00324 10.7127 29 0
-28.2702 -13.5673 21.8861 29 1
29.9872 -5.47638 21.446 29 1
1.98241 5.03393 10.7332 29 0
5.29932 3.37696 13.894 29 0
1.94975 4.99852 10.7016 29 0
-19.9734 26.3626 21.3491 29 1
3.57157 5.77544 14.3727 29 0
-29.1835 -23.4644 21.8656 29 1
10.4019 26.8097 21.577 29 1
1.94652 4.98468 10.6976 29 0
-13.6266 7.33955 19.9377 29 1
2.01298 5.0853 10.9601 29 0
-6.69908 -29.7013 21.7135 29 1
-30 -24.0233 19.9272 29 0
9.13038 9.43964 18.7121 29 0
2.65474 5.67733 13.8698 29 0
2.09116 5.57144 13.1276 29 0
2.00283 5.01477 10.687 29 0
-23.08 5.42496 21.0259 29 1
-16.9189 -0.419945 19.8935 29 1
-29.4166 28.5443 22.2565 29 1
2.97209 3.7824 10.7787 29 0
-15.1581 29.6335 21.5972 29 1
30 -30 19.9504 29 0
1.93652 4.97812 10.7205 29 0
29.058 -16.4788 21.5687 29 1
1.39351 7.37148 15.3176 29 0
-22.7037 30 21.192 29 0
2.05892 4.93305 10.8115 29 0
16.8974 16.9992 19.5852 29 1
20.7929 6.11067 20.108 29 1
29.4765 22.1633 21.8194 29 1
-18.2954 28.2482 21.6732 29 1
0.864708 7.68718 14.8731 29 0
2.01048 5.59481 13.0019 29 0
-7.54826 -22.6721 21.5463 29 1
4.45491 21.7223 21.2817 29 1
25.2422 -28.7278 21.6727 29 1
11.1362 -18.1826 20.0333 29 1
1.95303 5.016 10.7231 29 0
9.67572 9.81932 18.8855 29 0
29.92 -27.7159 21.2622 29 1
30 30 19.9504 29 0
-30 -4.28565 20.9676 29 0
14.3134 -23.2185 21.387 29 1
30 30 19.9504 29 0
28.2754 -16.4252 21.9307 29 1
30 30 19.9504 29 0
1.9641 4.99882 10.6767 29 0
4.26995 -8.76158 16.7044 29 1
29.9317 29.9309 20.188 29 1
29.9999 -25.6169 21.5051 29 1
1.97788 4.88886 10.825 29 0
1.9822 4.98623 10.6493 29 0
28.1515 -14.9119 20.4524 29 1
2.6949 5.04037 12.4367 29 0
-24.9225 -29.1791 20.7009 29 1
1.98501 5.03593 10.7383 29 0
25.5286 0.760668 21.546 29 1
1.9609 2.19011 7.56937 29 1
1.97065 5.09744 11.0233 29 0
29.8688 -22.5507 21.7443 29 1
1.96185 5.01679 10.7095 29 0
-14.1429 29.9187 20.4203 29 1
-29.4596 29.6584 22.1947 29 1
29.9988 -19.3633 21.4008 29 1
18.9352 24.1206 20.1811 29 1
-21.5588 -26.614 22.1305 29 1
1.27089 19.5219 20.89 29 1
29.996 27.5818 21.5888 29 1
-27.8898 -13.5075 21.5767 29 1
-26.4166 1.21978 21.5303 29 1
1.98173 5.08408 10.9428 29 0
27.8719 16.4794 21.6516 29 1
-30 -30 19.9504 29 0
28.6712 23.9877 21.3189 29 1
-29.258 19.2117 21.4781 29 1
24.5604 11.5238 21.9037 29 1
20.4372 -29.021 21.5515 29 1
28.424 -22.5729 22.1907 29 1
-23.5906 29.7856 21.8922 29 1
